1000 9891
837 516
968 845
146 761
54 278
864 942
21 414
266 302
693 197
397 520
238 226
43 912
920 654
282 747
962 25
782 308
317 955
659 43
143 506
937 461
97 696
902 637
890 503
769 808
956 750
776 92
433 559
52 823
493 675
593 637
766 892
195 809
571 894
808 348
352 712
518 975
832 322
815 123
265 955
107 190
70 966
491 31
654 302
288 611
698 742
753 560
6 745
961 908
305 928
509 320
933 302
148 618
831 791
870 891
136 902
982 200
418 752
130 188
97 439
694 420
36 310
194 666
818 448
340 908
471 234
354 980
885 424
82 455
559 555
802 844
509 900
404 912
917 109
422 517
828 536
371 991
941 279
634 987
854 536
755 69
228 195
40 308
604 870
587 925
509 599
378 402
379 183
253 799
74 907
594 864
20 309
96 659
960 952
613 978
688 503
172 536
212 541
537 141
252 302
588 144
695 748
479 1
781 535
947 723
330 755
234 924
34 900
230 792
911 805
308 270
275 968
353 419
482 9
861 523
959 638
14 331
532 652
990 64
187 661
64 216
1 553
753 748
644 853
435 774
978 523
724 475
140 180
227 914
211 121
818 51
140 11
219 514
382 242
555 940
314 882
921 266
244 247
905 865
301 24
533 841
547 320
340 706
54 880
715 534
370 573
338 31
179 501
487 642
531 136
77 386
561 509
465 416
599 541
893 800
509 55
989 333
405 236
232 452
341 750
837 297
486 457
845 782
519 461
854 548
983 128
217 545
91 8
54 188
69 579
239 112
279 997
307 720
399 224
898 705
854 262
550 872
132 380
61 562
388 774
368 704
165 325
379 567
668 380
708 621
826 967
469 63
968 754
186 496
844 413
39 765
332 329
798 634
585 701
364 58
56 379
545 969
583 913
397 20
365 416
481 355
326 461
356 650
456 575
889 364
886 125
230 753
905 503
930 999
457 91
40 77
870 545
46 231
804 439
736 453
782 911
741 860
684 890
35 195
869 809
370 196
805 956
718 503
368 947
538 25
887 784
690 364
339 294
512 628
671 399
270 868
732 215
974 140
797 621
193 957
175 773
659 884
551 642
241 677
945 779
837 269
768 780
521 708
208 313
230 743
462 322
546 369
87 83
487 789
820 963
4 613
833 731
247 361
788 37
277 403
497 238
78 445
280 372
440 974
161 55
260 301
857 495
160 137
255 896
436 238
76 53
367 534
835 288
614 633
460 299
52 941
560 201
790 727
460 442
902 545
762 790
650 837
984 16
164 438
4 223
209 370
155 93
32 768
431 248
144 970
182 822
40 779
331 730
753 433
65 328
709 559
888 749
326 113
95 444
923 193
867 444
406 40
870 973
118 870
126 301
533 755
681 288
24 989
38 820
514 192
642 397
241 918
438 232
844 811
115 909
761 104
116 422
15 790
68 484
571 142
774 545
480 804
82 81
223 800
614 179
872 558
559 534
998 666
729 895
396 538
297 623
201 438
148 139
612 592
833 901
650 373
392 605
29 664
287 97
445 712
509 305
603 428
511 692
479 52
169 670
3 934
704 809
549 595
105 332
290 326
406 844
184 374
800 647
85 387
11 480
33 40
753 345
165 346
529 783
731 141
470 438
679 6
536 816
630 720
385 772
191 376
564 198
288 73
513 512
532 292
695 180
956 632
649 209
317 434
895 613
970 396
769 815
705 937
557 840
84 274
175 69
820 398
492 79
368 69
611 3
832 468
835 715
529 276
433 447
967 446
201 683
672 135
293 155
79 654
174 886
123 602
434 35
478 296
952 715
97 212
541 647
49 329
643 75
76 701
978 326
26 75
874 375
325 586
625 751
390 363
762 448
840 266
35 104
239 264
367 327
154 934
339 478
1 57
681 591
993 877
559 554
893 908
474 298
920 77
457 568
902 496
25 860
483 568
431 824
180 760
626 920
275 292
257 369
744 467
243 94
472 694
896 40
114 215
355 707
462 549
85 566
802 414
640 45
324 718
787 302
261 59
903 985
285 165
802 497
416 188
623 155
829 552
674 658
707 404
636 22
782 358
51 408
619 315
240 495
641 45
424 742
557 650
601 810
564 218
838 969
850 960
40 534
739 148
133 275
653 669
190 860
238 584
208 619
808 426
959 633
339 864
675 986
70 912
772 156
353 140
120 625
585 626
792 993
957 505
795 450
266 668
122 306
965 798
982 916
335 706
843 510
735 676
149 705
583 496
440 854
348 935
106 241
947 477
805 903
917 317
666 127
889 878
607 415
127 746
992 97
277 79
775 832
798 483
395 444
346 418
456 190
722 73
261 603
103 450
806 809
348 491
6 161
345 539
662 444
647 424
775 247
372 528
375 883
466 557
12 737
289 108
218 808
256 147
617 208
302 986
357 341
203 947
590 317
369 399
981 640
565 961
470 399
238 155
632 610
531 958
88 290
660 794
441 740
134 577
195 565
700 590
131 477
8 16
248 885
320 258
563 510
925 763
416 353
622 863
264 329
53 593
710 285
748 224
144 894
472 411
221 352
848 534
303 782
967 279
851 360
925 831
862 394
421 576
879 973
440 882
370 719
331 863
293 747
745 553
411 392
286 465
694 498
306 403
624 410
608 895
515 221
609 42
738 398
978 417
110 768
743 99
600 467
874 222
489 116
491 546
349 640
928 454
336 737
402 991
944 480
232 402
287 862
401 923
254 775
34 700
975 749
979 742
229 459
305 427
65 711
634 784
9 264
284 662
51 645
217 685
974 329
902 218
432 528
507 436
180 470
664 411
81 383
302 865
639 920
556 744
781 717
513 571
735 282
661 611
446 346
215 562
553 647
556 526
619 642
726 954
679 464
916 902
60 352
589 676
753 841
62 445
818 775
395 602
107 212
658 220
771 391
671 935
466 365
527 962
325 166
738 193
442 386
812 519
353 37
745 747
248 333
487 406
73 166
364 483
695 61
334 319
102 299
68 495
268 153
6 873
70 277
552 20
349 450
222 592
89 829
22 110
356 979
361 413
92 27
37 694
918 769
975 336
172 99
344 400
768 890
806 998
440 731
519 391
262 116
926 415
695 198
937 998
579 313
409 593
68 818
416 435
987 12
427 237
422 761
669 344
109 363
492 629
788 58
882 173
973 194
8 748
81 458
155 591
118 198
102 544
160 807
398 481
533 362
935 10
907 79
316 698
377 456
133 581
674 784
19 93
317 320
686 955
543 982
344 290
184 139
536 928
132 107
887 83
65 152
139 945
415 964
127 462
668 212
374 61
303 115
145 113
329 492
758 343
977 732
505 179
198 254
596 293
835 859
485 543
948 410
573 51
611 224
689 606
301 272
749 658
932 182
36 963
516 309
420 166
301 417
192 40
268 46
434 770
311 200
764 998
295 140
749 948
171 970
390 360
961 684
638 372
125 287
353 668
76 724
634 19
596 772
727 407
493 638
327 997
642 803
537 15
944 7
391 884
929 437
949 826
290 393
437 75
993 590
834 586
687 323
897 256
699 924
329 995
30 497
185 391
77 945
189 599
9 209
963 912
964 511
906 194
604 902
469 157
869 566
960 954
336 132
155 728
551 30
929 236
960 553
263 770
307 178
678 871
365 152
826 730
943 257
69 660
881 250
187 969
977 687
652 661
675 844
527 247
949 11
829 491
244 573
80 566
325 860
240 940
559 183
377 269
268 492
743 158
456 660
93 321
679 766
411 721
539 43
273 765
136 582
775 617
303 730
953 957
540 439
390 554
62 855
815 694
547 501
250 479
291 179
111 530
148 520
314 880
331 690
595 481
11 816
68 295
503 912
306 492
879 537
310 383
386 308
957 587
887 782
804 194
595 63
304 100
729 773
771 552
508 371
310 185
721 774
277 137
119 970
780 953
640 236
275 323
523 153
696 563
676 585
612 335
600 300
498 155
137 439
47 668
206 330
950 747
47 525
947 531
711 538
293 653
534 837
282 702
789 633
574 993
5 426
136 167
762 641
289 526
123 473
52 971
754 285
442 939
593 665
1000 677
798 632
886 849
192 845
434 134
1 873
424 112
870 709
27 61
725 206
728 222
930 882
326 11
844 716
740 525
154 424
209 963
821 716
573 123
277 430
938 552
943 857
326 821
899 415
705 476
357 577
818 213
106 835
254 475
606 908
755 594
136 832
424 807
139 355
837 88
547 190
607 610
612 856
172 489
121 503
84 749
490 196
953 548
241 714
257 109
331 956
614 149
988 20
819 995
551 700
39 155
898 268
618 107
746 164
196 133
641 48
972 550
149 265
427 987
603 322
181 152
668 12
613 165
371 774
617 34
601 677
858 316
920 919
133 918
65 992
488 505
930 240
578 235
48 577
123 135
548 822
517 833
761 777
127 359
142 958
15 180
147 996
790 539
874 955
360 977
774 266
78 895
570 401
104 470
795 179
829 418
230 945
265 563
288 410
821 526
294 655
889 376
501 66
833 801
677 79
734 112
585 992
748 84
1 535
540 328
619 193
175 487
213 528
110 276
565 666
914 533
461 251
957 657
151 350
615 917
357 613
874 273
893 531
69 49
822 529
220 163
628 288
687 489
727 684
676 126
399 753
715 976
771 834
315 462
408 348
262 331
618 173
824 868
732 181
510 939
453 436
456 104
992 42
528 204
860 17
106 945
646 892
149 188
153 313
986 279
769 71
312 406
367 112
78 253
704 700
207 500
800 992
452 402
825 856
845 165
99 607
834 662
691 771
466 754
346 44
352 337
375 171
160 824
747 796
952 452
806 419
458 565
61 311
481 892
927 673
768 342
844 193
945 460
630 726
77 750
226 680
114 877
856 527
485 665
477 537
114 373
8 90
820 25
700 631
408 943
613 750
321 934
123 382
985 79
89 386
400 307
570 691
347 886
187 541
887 368
173 339
827 749
690 127
615 586
118 934
190 531
193 285
50 446
396 150
605 592
507 765
993 310
69 243
549 57
511 162
10 739
905 761
780 451
876 276
166 714
975 96
58 757
226 417
905 842
814 990
219 936
519 695
386 337
206 342
483 975
743 85
117 992
288 947
389 861
220 207
702 918
573 502
147 89
103 331
721 648
371 51
101 358
958 212
600 571
530 942
489 476
806 771
54 36
391 887
450 465
31 284
312 434
917 219
851 603
814 589
825 187
422 282
798 65
808 961
589 68
868 909
480 838
797 407
66 387
285 163
109 479
113 996
752 573
498 937
749 160
588 226
557 751
166 72
207 660
282 637
402 82
948 170
161 584
934 77
352 905
354 91
544 503
763 253
691 328
505 221
322 509
967 15
515 662
808 428
19 455
864 404
313 742
840 339
151 194
819 44
745 428
658 146
625 333
183 685
826 940
556 822
417 941
17 171
771 478
774 931
230 347
526 340
529 16
1 607
398 715
850 460
23 234
796 554
892 899
73 125
975 68
140 721
690 500
999 66
509 210
292 808
573 425
791 342
768 517
955 105
956 390
230 231
50 633
8 873
82 422
809 897
301 840
603 712
31 355
659 714
660 369
951 150
742 416
510 454
495 118
522 382
389 293
172 187
194 927
565 700
968 170
751 161
441 46
684 30
500 591
195 507
309 111
384 858
539 910
663 860
873 892
608 511
313 213
612 479
602 213
894 917
787 445
916 287
976 2
133 83
198 635
350 838
207 763
751 325
871 954
1000 279
393 335
161 763
331 55
449 160
352 917
759 220
544 19
156 809
482 155
619 966
620 405
782 956
567 702
36 806
3 55
523 992
105 213
491 216
700 396
993 382
945 499
545 665
892 816
141 238
272 99
757 126
387 690
980 211
589 315
272 242
438 771
962 905
283 530
177 43
913 639
73 490
521 926
442 177
225 295
44 285
816 334
582 293
768 737
819 81
590 816
993 826
577 955
137 534
979 891
818 391
286 241
21 108
396 187
150 576
542 966
806 843
589 345
148 97
742 185
899 41
290 462
810 628
744 301
561 841
636 267
86 812
158 233
978 530
334 109
56 879
440 398
498 188
760 727
389 481
800 638
195 356
513 799
549 14
863 701
419 876
459 299
920 775
557 558
744 203
617 323
927 716
751 776
458 609
683 88
743 936
700 430
873 634
368 382
77 602
260 78
263 837
910 384
490 929
901 195
208 678
688 656
624 798
805 295
536 612
810 143
539 327
904 968
308 624
541 414
37 239
165 954
408 737
705 157
192 72
763 387
732 626
144 235
977 827
577 347
830 567
714 84
112 398
629 103
97 62
756 543
780 431
983 656
909 781
748 379
16 68
434 751
970 781
165 621
719 138
98 576
228 663
279 501
231 796
93 987
79 152
483 803
230 500
672 782
68 143
487 711
257 72
759 879
232 496
784 359
864 261
751 507
36 508
618 613
837 750
858 878
879 423
916 147
918 609
822 717
314 476
22 480
544 945
216 674
413 24
513 970
954 812
596 909
958 876
523 305
488 470
569 467
427 774
916 352
683 55
333 754
775 479
212 517
142 1000
379 795
381 742
700 786
555 113
939 222
541 62
635 207
372 927
341 72
895 657
397 742
143 454
576 671
369 183
42 215
846 598
815 432
504 682
779 9
298 112
317 32
264 180
84 285
526 172
123 369
269 189
770 610
436 402
921 758
582 294
607 80
517 376
847 737
959 727
448 95
804 276
363 76
515 859
19 648
424 216
481 25
452 654
308 874
183 878
644 251
124 774
14 572
787 764
443 50
135 792
179 620
92 475
827 168
314 973
137 844
512 896
654 767
76 839
563 461
496 823
335 998
980 489
595 252
936 911
505 899
870 40
428 219
604 409
125 127
660 350
733 864
203 733
864 241
718 204
849 355
354 835
726 972
139 98
894 269
253 411
988 850
358 362
242 908
464 158
963 116
180 362
626 998
868 831
688 141
156 403
232 25
74 804
76 154
869 467
904 324
225 761
358 811
604 567
700 822
668 276
771 588
622 983
345 105
790 803
521 46
649 97
958 501
174 580
32 109
330 846
227 474
528 909
502 64
520 7
207 437
156 885
633 642
674 385
36 771
218 682
210 522
317 806
931 566
514 498
951 683
365 730
59 467
227 521
391 496
287 291
549 220
808 90
917 600
554 610
68 402
182 398
741 949
687 307
106 252
586 162
842 264
131 749
814 946
616 981
410 444
774 492
962 836
915 995
121 586
323 770
632 304
196 970
736 121
681 936
682 570
168 757
150 421
614 126
180 552
346 336
517 663
185 854
132 715
43 272
337 115
931 289
436 833
371 812
111 994
341 302
439 767
560 484
946 901
547 766
328 552
203 948
829 984
8 678
869 115
19 714
425 259
891 240
618 600
569 116
113 16
557 648
561 744
377 747
982 408
530 377
269 483
270 4
955 976
433 538
636 721
89 72
8 660
642 709
271 410
334 874
425 78
189 61
503 413
463 6
435 229
53 606
294 664
577 92
728 160
506 689
205 856
277 571
244 898
173 506
193 452
624 32
15 499
644 821
494 167
829 239
464 716
282 18
670 993
589 899
532 898
917 636
150 5
153 231
460 933
747 1000
447 973
908 81
124 846
529 140
681 345
365 992
884 880
477 294
961 761
858 855
430 868
417 539
917 350
77 465
996 761
694 352
993 825
588 329
784 380
846 462
777 709
124 754
620 655
789 118
890 937
932 110
410 805
458 873
487 785
882 309
55 717
439 594
777 935
281 560
674 41
323 173
15 355
39 89
132 461
726 509
12 791
398 264
726 364
393 136
777 18
748 515
14 203
198 612
548 903
833 283
959 847
853 200
467 517
89 59
598 364
97 512
284 124
69 618
116 19
269 152
643 407
493 698
313 684
98 170
304 821
395 718
285 686
786 405
93 485
773 69
244 631
136 290
412 727
490 723
810 430
383 509
294 614
616 736
73 625
912 225
749 572
398 640
314 839
779 659
121 183
322 998
162 627
521 788
552 23
515 173
954 407
551 766
893 642
452 984
254 68
244 90
926 736
429 312
158 782
146 814
37 691
955 144
828 642
390 429
999 363
58 21
408 32
59 820
333 173
797 766
634 960
525 559
604 232
811 974
85 685
30 102
200 333
879 23
613 199
171 60
394 277
255 834
351 319
464 465
53 608
693 192
623 131
346 538
5 206
355 905
907 558
869 931
556 231
99 396
27 443
342 240
678 894
200 777
990 700
655 90
568 116
246 463
66 865
952 770
626 361
130 706
368 121
39 534
408 800
155 61
961 162
14 368
518 960
448 80
72 732
826 45
701 123
321 631
857 677
41 185
84 220
615 810
616 732
727 876
396 502
737 952
442 276
948 810
571 305
516 598
610 281
486 343
282 364
450 329
550 957
55 113
810 966
814 774
103 325
710 695
736 94
630 35
361 15
713 354
119 576
135 479
319 130
312 436
560 106
172 864
10 7
488 21
772 919
518 183
441 897
134 172
726 458
29 922
267 525
552 877
5 145
908 816
228 46
655 875
699 976
928 347
570 896
754 101
813 658
223 11
170 389
27 308
670 462
735 236
57 525
792 600
244 649
649 241
765 837
808 430
154 26
943 96
974 557
86 499
877 284
952 909
516 246
43 358
539 191
563 744
430 508
398 606
37 166
684 807
900 740
168 186
226 464
444 287
562 86
546 819
619 139
153 255
55 183
934 670
258 471
166 756
707 764
733 48
76 789
537 349
519 661
889 882
818 270
325 302
954 318
884 51
7 470
582 334
732 127
953 638
297 918
50 710
879 361
274 243
889 573
449 600
677 976
396 941
444 929
998 693
767 693
437 88
590 592
313 106
214 186
271 33
293 569
242 147
315 805
209 346
879 552
754 260
964 478
622 150
56 179
682 811
510 896
848 63
964 586
907 630
964 621
624 534
821 228
34 758
147 973
350 836
562 980
100 875
651 621
88 883
394 670
587 363
695 892
104 509
635 246
233 156
293 125
576 631
494 726
478 59
482 38
579 620
196 776
783 382
662 613
165 310
4 375
723 633
137 956
325 829
476 447
594 758
725 188
563 17
213 904
819 805
971 136
109 551
758 188
743 296
874 425
748 386
682 443
549 255
988 433
930 601
671 902
746 751
89 948
278 958
281 74
874 331
894 142
162 735
73 488
708 343
296 649
724 952
963 384
176 126
983 861
50 539
814 849
362 793
56 676
201 413
348 340
702 831
318 548
543 21
177 356
825 720
602 321
776 990
54 157
931 151
115 353
595 939
485 319
180 291
452 456
36 497
684 147
940 293
890 648
265 235
713 741
242 794
995 463
479 166
498 368
587 553
789 553
351 504
990 973
235 595
640 311
237 1
351 9
160 108
53 415
91 580
312 495
826 657
801 605
298 278
190 792
853 184
907 880
639 587
14 490
473 772
950 822
293 17
41 456
973 860
981 228
505 155
624 879
480 677
37 28
900 414
60 211
155 193
302 144
503 529
89 325
587 194
511 58
136 690
804 321
183 854
348 837
260 531
266 592
340 289
947 379
218 901
718 570
19 844
940 528
481 221
410 211
339 235
654 630
788 940
384 442
899 269
258 415
408 304
689 865
787 85
624 442
254 69
16 868
642 168
628 449
811 547
171 640
650 32
488 796
965 278
803 455
56 576
879 304
609 276
948 153
538 792
448 152
958 242
733 540
186 446
461 200
141 950
699 884
521 404
556 27
370 2
722 303
885 865
688 227
891 492
820 928
398 378
492 625
5 188
668 620
834 772
707 46
540 598
794 834
959 140
907 545
692 265
789 589
904 313
373 564
757 736
431 468
288 78
507 178
734 535
56 474
138 704
13 980
344 469
640 642
86 899
260 179
958 430
249 344
748 774
490 530
514 326
865 550
576 959
540 26
246 127
460 55
156 787
710 462
108 116
770 531
221 307
5 530
654 129
947 185
487 208
514 492
681 101
612 463
943 812
46 177
575 197
491 162
837 251
602 912
586 61
705 414
296 803
740 806
836 933
32 749
896 626
791 335
760 375
384 659
114 430
607 679
588 336
484 494
926 733
215 270
275 589
348 365
974 201
977 283
975 304
392 751
988 957
21 418
25 807
244 349
851 495
870 441
722 522
383 778
793 298
707 236
323 215
648 938
24 152
9 324
998 428
888 409
347 378
129 547
481 812
694 502
564 385
450 97
124 136
198 643
369 119
61 665
54 849
365 3
406 591
578 404
561 706
194 493
783 71
191 391
584 908
660 609
701 331
558 684
299 203
687 776
250 39
32 222
719 12
170 676
407 49
305 651
431 191
752 252
201 842
359 572
4 291
387 445
743 800
265 985
952 637
942 408
503 846
260 12
547 151
862 403
387 924
996 993
199 935
154 114
140 1
524 203
279 462
788 612
311 89
810 808
957 583
318 815
28 893
523 677
673 698
370 454
79 338
543 163
799 53
968 463
141 651
521 833
969 644
340 961
559 981
285 320
513 337
196 173
803 415
777 568
315 745
615 354
601 920
452 326
825 804
770 288
419 535
423 705
929 198
582 760
487 892
879 78
812 373
391 634
86 886
802 447
752 894
881 350
897 401
419 885
375 108
530 597
345 169
186 571
649 417
191 302
251 19
364 786
27 354
9 979
375 434
429 731
104 510
655 384
217 352
459 733
550 98
744 573
835 646
362 416
952 938
477 913
852 195
66 584
486 833
366 917
973 957
297 420
143 877
352 468
957 649
28 675
144 416
765 761
628 712
754 959
442 205
50 822
253 797
988 208
637 114
112 579
206 141
638 810
768 740
141 606
179 727
477 454
618 303
599 575
249 543
832 157
200 117
879 287
996 318
437 118
439 910
769 540
614 24
444 864
418 135
661 57
771 665
647 122
36 920
727 200
108 792
803 264
251 865
419 563
424 871
827 639
833 733
209 155
561 846
233 813
312 220
419 640
206 760
907 695
176 443
877 893
128 212
436 69
475 745
823 670
668 440
617 320
856 904
345 133
53 252
769 571
844 217
835 34
169 983
77 710
460 210
669 2
856 567
622 34
125 730
610 634
169 864
367 653
523 279
49 778
913 353
807 773
27 255
476 554
319 639
602 377
427 542
715 170
678 50
722 942
136 341
65 465
943 426
32 774
235 769
513 797
277 748
297 230
575 543
689 676
139 711
356 839
1 395
415 658
423 179
992 627
793 582
369 724
527 887
574 428
106 784
913 830
733 341
737 914
409 111
373 294
121 181
547 433
819 692
198 753
839 585
601 219
480 20
44 365
137 853
743 45
49 1
656 119
289 626
387 649
129 308
974 835
666 176
449 884
690 266
840 355
346 500
309 736
849 491
137 567
671 54
362 890
702 932
996 509
599 688
855 298
846 91
868 695
426 366
82 764
135 266
564 648
394 128
693 300
270 535
822 192
493 310
720 390
938 453
794 929
446 244
821 392
845 50
885 785
427 217
1000 37
584 292
531 799
971 484
898 818
169 930
263 644
930 465
793 974
613 776
800 891
450 828
507 181
768 473
721 415
227 82
563 396
636 238
179 407
397 372
694 595
61 967
231 411
692 223
610 864
40 552
297 177
27 72
992 69
670 754
770 528
700 337
313 831
83 337
320 109
502 261
50 442
162 832
757 785
424 219
45 757
465 443
54 589
442 419
188 131
210 839
740 338
898 110
404 987
870 882
653 216
141 388
434 654
24 686
704 208
301 816
641 289
969 236
625 882
537 496
921 81
776 844
662 182
728 581
175 842
769 133
755 812
372 356
278 465
690 641
964 32
915 540
418 92
917 118
3 746
263 860
380 942
935 374
817 403
581 714
52 440
966 892
769 464
951 241
845 69
901 307
217 744
609 898
977 230
426 100
669 168
962 338
1000 1
551 132
937 946
39 496
846 960
835 337
692 494
587 321
470 327
280 31
887 50
675 147
262 83
218 671
160 405
161 588
669 748
925 642
378 81
674 642
643 465
226 29
248 573
411 181
657 189
341 316
640 909
829 87
207 295
636 583
639 352
843 359
358 653
648 279
288 646
1 595
595 375
689 974
121 252
124 805
144 69
384 500
611 993
64 203
312 577
689 863
942 123
12 196
823 140
680 166
741 17
507 722
704 316
427 583
500 919
446 997
858 737
50 994
555 835
93 768
368 930
211 717
286 153
107 620
555 720
719 877
374 269
686 350
232 459
529 737
676 656
276 6
812 80
690 564
682 612
220 683
544 909
923 902
673 879
621 625
307 729
932 984
423 215
617 218
502 628
319 902
638 672
181 929
882 238
384 717
4 686
812 261
246 585
123 254
915 244
990 600
994 519
955 759
960 923
337 572
891 245
32 430
655 254
180 30
825 231
347 615
114 294
497 438
557 744
321 64
431 709
721 487
482 437
730 351
774 834
347 773
406 330
725 88
6 728
140 482
674 678
990 916
288 452
736 498
85 423
966 60
770 843
341 781
774 899
391 465
433 219
839 983
88 463
664 680
331 853
724 228
457 247
790 184
366 613
496 580
978 411
763 807
340 604
548 153
841 913
883 298
991 863
760 31
229 356
525 695
529 572
215 305
845 858
977 354
405 777
988 260
348 698
266 65
712 17
234 349
8 50
220 190
655 156
944 196
877 602
125 149
716 600
953 378
205 558
702 543
797 313
750 267
72 366
971 618
256 373
111 215
669 255
963 990
393 141
855 837
414 533
123 7
570 983
221 873
627 282
845 579
904 287
578 426
378 324
144 660
470 284
666 825
824 98
853 213
731 761
697 313
522 692
229 764
606 390
436 442
610 861
661 847
445 436
946 379
175 31
527 810
863 130
870 666
597 50
744 538
191 769
92 574
199 762
607 137
496 323
353 206
156 559
966 24
163 349
201 914
952 566
884 689
294 613
64 438
193 598
464 630
182 474
218 899
244 135
211 313
10 603
282 484
709 475
32 707
755 565
990 460
370 749
150 151
10 554
562 239
327 252
920 314
284 836
224 42
689 240
963 465
512 599
305 239
396 642
664 914
388 754
849 693
926 374
582 404
417 262
606 542
954 103
901 572
717 260
267 181
441 249
295 242
206 827
67 861
48 437
30 101
369 367
806 794
137 353
933 717
642 746
941 606
639 981
233 665
791 772
396 556
744 43
962 254
910 326
310 174
706 251
726 254
911 88
968 674
471 977
627 615
991 142
481 593
777 412
118 366
647 37
585 693
226 903
687 886
523 753
946 396
469 450
57 615
477 822
330 8
45 536
649 948
246 236
652 512
236 466
990 255
301 266
799 543
981 472
181 17
715 260
862 437
314 759
900 658
123 945
28 327
406 190
390 723
746 805
504 72
784 10
163 959
741 427
992 237
437 4
64 688
945 25
275 990
689 28
671 900
528 158
620 556
181 392
940 939
397 891
595 729
846 5
832 595
224 596
287 685
440 364
292 757
439 614
833 747
543 380
285 412
289 89
720 355
405 547
688 129
674 108
401 528
765 395
574 749
186 690
333 257
959 93
986 93
308 65
293 659
35 919
318 62
191 308
764 90
177 878
553 551
401 306
5 432
550 632
62 744
109 252
826 740
222 293
276 645
669 890
304 914
781 608
138 738
188 140
255 679
226 939
777 265
155 109
653 678
247 771
675 882
46 22
23 402
830 774
248 574
672 416
537 998
644 974
134 920
283 382
982 572
805 221
329 236
844 565
836 741
502 401
50 46
503 840
785 161
787 687
942 9
965 936
32 668
879 950
71 533
516 422
165 592
22 59
851 81
942 120
898 226
992 137
188 902
120 52
869 270
894 224
931 118
913 551
533 790
770 424
341 44
90 506
24 314
956 387
443 304
174 448
548 245
700 887
242 714
256 408
985 786
298 731
464 239
489 332
841 679
471 484
591 471
996 261
246 940
120 496
727 151
323 181
94 752
670 109
267 554
553 865
424 939
612 452
893 493
454 635
492 458
700 871
38 890
583 730
588 172
346 771
212 680
229 630
370 947
42 171
777 468
192 724
100 997
528 862
514 769
98 130
189 57
264 368
122 12
677 196
917 821
723 634
338 548
583 30
107 225
182 733
657 989
40 166
5 616
635 311
139 554
377 43
585 974
947 243
785 252
164 207
222 861
226 256
62 746
515 36
303 142
525 67
165 628
478 517
905 901
376 75
196 350
584 949
233 215
434 550
510 261
336 728
244 497
814 829
448 712
859 124
861 382
556 268
225 516
431 15
392 681
814 684
620 651
16 537
327 939
589 340
20 945
414 75
599 799
102 733
287 613
238 493
935 313
774 121
595 940
501 837
731 60
293 585
810 532
846 799
411 530
11 508
426 487
769 648
574 677
25 680
639 897
413 337
581 685
807 33
949 365
80 168
950 89
252 366
61 121
240 302
65 181
804 904
291 727
329 616
311 648
574 22
702 43
83 601
129 353
528 954
781 424
877 191
735 33
916 909
369 1000
406 343
339 158
47 99
400 348
347 913
773 661
408 887
264 957
675 923
359 354
452 512
407 627
678 274
554 772
59 430
667 47
317 874
361 586
253 620
932 153
349 57
206 418
905 711
853 761
876 302
804 467
309 859
681 296
923 487
192 363
73 56
934 677
314 818
559 312
606 765
572 949
303 861
741 602
903 191
860 120
148 300
774 424
522 465
279 726
766 118
680 413
183 378
42 634
663 588
722 8
620 751
235 94
152 69
858 363
587 795
234 449
698 464
113 656
420 910
773 386
662 689
977 111
781 951
618 363
674 73
427 71
183 901
952 347
897 430
627 475
668 623
940 260
7 991
321 380
543 697
967 989
590 380
722 588
29 212
105 598
843 672
915 47
330 629
410 126
789 586
354 367
359 595
971 85
312 822
782 95
89 388
74 336
660 575
280 419
812 786
321 809
394 951
36 788
383 191
274 673
402 490
911 323
230 550
469 578
216 545
421 303
112 336
735 840
212 963
853 699
67 980
267 278
35 306
30 340
168 337
117 146
698 343
840 419
515 141
112 574
439 189
124 993
620 926
234 97
935 957
940 789
172 431
508 761
823 72
861 309
898 289
555 519
862 897
132 732
319 171
390 28
802 180
55 640
906 118
873 249
67 78
290 499
313 82
901 305
851 718
928 625
826 272
890 719
617 141
526 593
638 533
237 33
364 666
493 58
169 924
725 767
857 303
470 490
845 310
647 512
997 459
967 231
878 326
437 516
886 989
804 960
397 406
970 424
847 930
204 864
812 871
497 343
763 243
467 430
361 855
982 339
765 833
752 352
899 893
458 23
810 320
409 489
628 438
377 413
394 939
108 91
934 801
247 544
305 793
2 283
187 285
204 725
923 129
600 50
943 834
966 97
89 563
618 140
810 757
614 567
886 264
743 145
853 689
158 537
786 55
897 671
776 524
27 284
301 15
250 585
92 436
755 748
457 785
296 657
889 886
597 557
658 739
76 864
496 840
34 364
767 962
608 73
854 910
646 687
613 424
206 86
832 513
873 443
450 412
361 239
785 893
275 731
992 327
687 890
30 19
656 750
617 79
564 578
531 635
133 955
617 216
747 845
108 981
352 584
826 308
649 341
647 326
542 424
946 785
808 417
693 4
694 743
458 631
191 75
44 40
561 658
907 618
470 502
70 699
612 138
668 228
905 238
353 354
193 12
212 280
35 801
161 622
131 338
494 730
939 571
905 383
446 601
838 719
843 39
701 221
350 501
117 278
580 60
865 476
26 326
814 279
84 48
163 975
598 553
840 541
527 615
549 913
166 398
314 684
685 491
226 496
376 477
433 42
89 952
430 462
699 307
718 589
757 489
797 834
930 56
289 619
162 731
89 809
709 7
894 29
325 270
533 809
20 860
367 391
615 221
629 334
605 447
510 405
44 506
1 721
858 485
381 152
226 899
538 691
333 21
138 5
530 771
551 923
823 854
149 387
243 344
315 615
47 712
345 488
333 375
741 74
727 43
911 160
91 781
453 942
916 330
341 205
627 284
906 499
366 33
263 818
604 756
588 209
695 815
240 303
826 554
223 62
213 116
606 501
551 428
644 210
919 456
5 280
601 155
564 9
695 973
517 509
496 103
645 345
992 944
335 295
635 357
231 342
179 203
142 509
754 621
96 735
335 468
391 422
434 903
675 670
738 217
443 959
351 606
282 115
772 948
421 620
799 347
654 634
241 909
438 225
221 239
149 882
991 927
856 773
803 237
895 371
440 901
846 269
116 434
162 366
788 654
475 411
93 838
940 961
997 816
559 368
709 140
582 394
967 894
567 98
701 649
957 878
870 401
104 816
637 506
12 579
128 64
863 872
537 164
426 365
65 699
923 979
587 794
551 959
238 398
556 23
775 311
100 491
817 453
323 140
733 681
977 255
941 604
855 250
713 645
717 245
233 552
548 849
679 57
557 669
652 907
190 990
262 571
701 388
551 451
187 820
624 447
705 823
644 182
937 324
364 123
707 271
648 821
498 753
743 569
800 203
175 61
757 877
387 69
526 464
10 440
644 891
249 47
636 685
286 740
69 252
705 799
733 261
481 140
615 801
391 283
144 92
642 503
519 274
978 319
609 249
386 296
82 155
373 424
605 109
1 135
332 727
645 898
758 565
232 579
430 528
880 643
663 738
723 335
900 338
376 866
305 410
309 370
493 501
6 178
318 736
284 560
105 245
700 563
9 511
11 345
674 507
471 435
418 317
822 442
609 534
539 955
167 90
792 702
389 492
964 466
267 512
366 462
313 194
133 394
80 83
934 190
544 578
105 416
927 765
514 249
169 899
460 134
890 575
947 684
877 979
243 735
601 817
30 515
952 197
593 693
481 627
563 493
88 779
397 405
133 427
248 721
305 574
782 56
911 860
757 976
677 191
386 968
445 675
948 582
45 425
183 731
990 217
719 389
769 986
597 857
945 456
364 242
434 847
734 194
348 777
594 561
477 171
585 818
969 83
335 734
755 638
737 991
757 20
79 56
219 909
789 265
974 783
153 47
616 987
709 34
710 773
803 165
92 36
898 147
827 59
888 59
944 509
637 320
54 104
699 101
738 709
797 673
600 653
450 268
233 932
677 987
864 770
737 500
612 736
622 332
299 78
191 116
525 852
356 960
363 787
185 427
167 207
65 909
707 490
798 823
621 656
694 740
660 956
95 889
602 79
754 296
62 221
389 883
816 545
105 702
34 610
825 341
578 103
762 760
230 818
341 507
914 101
28 251
691 429
17 902
829 7
188 497
300 731
282 890
306 68
258 227
352 650
785 284
891 675
416 170
933 394
93 189
944 605
95 254
811 799
250 475
387 699
745 647
602 852
107 414
254 451
205 586
926 977
422 464
852 284
139 155
214 829
340 744
768 585
415 254
462 63
689 201
159 229
951 73
81 793
11 50
84 612
305 337
241 595
996 453
978 184
119 662
998 191
40 346
458 980
628 136
223 724
216 862
453 651
740 258
578 532
856 878
673 776
894 734
751 51
29 93
512 57
364 588
860 585
334 385
898 810
61 620
44 818
580 441
711 502
735 577
808 815
604 764
132 233
251 51
386 588
630 637
702 94
460 349
853 210
467 523
449 20
666 951
114 728
133 338
100 923
831 685
326 333
678 54
511 963
41 51
388 288
246 20
140 385
544 165
31 569
838 443
149 558
597 928
301 291
314 734
652 266
709 311
691 212
932 234
249 876
927 273
909 774
748 370
179 537
719 147
940 668
408 309
11 880
304 198
693 884
234 11
804 179
237 369
680 353
850 177
119 852
210 16
237 745
36 404
789 178
428 7
186 89
388 765
400 497
444 657
798 288
690 665
768 883
487 589
695 168
455 405
334 192
172 235
232 262
620 745
180 750
533 46
864 859
148 12
210 453
233 892
160 642
493 306
792 23
594 351
834 750
217 656
544 24
473 318
510 739
518 598
963 959
911 135
289 156
753 343
860 557
367 975
746 535
504 379
47 973
296 236
699 710
193 129
460 242
812 607
550 34
7 767
526 917
86 156
913 432
345 721
311 889
477 529
367 685
356 434
657 939
944 925
769 805
934 89
97 550
384 372
269 182
401 6
899 771
147 742
666 570
669 693
377 391
105 912
511 116
131 58
71 268
457 392
75 888
687 198
211 249
250 337
434 936
465 159
279 696
645 652
886 290
181 128
746 657
69 140
162 574
309 957
20 576
979 109
980 274
872 292
378 620
274 867
477 360
794 90
978 463
121 454
434 541
285 391
707 548
64 546
641 342
189 938
794 380
138 504
485 15
747 436
784 442
271 644
383 928
99 901
928 661
196 197
846 187
405 959
869 250
814 597
584 102
158 153
243 261
950 405
632 370
407 782
731 102
288 601
128 331
247 341
973 157
599 39
825 94
316 599
762 515
526 966
860 706
820 167
859 331
221 942
497 398
902 965
265 256
359 992
532 450
383 415
705 786
161 45
217 168
91 643
682 482
496 81
613 522
9 660
50 376
714 979
936 361
614 888
140 329
767 94
621 128
878 529
718 810
459 645
408 689
154 349
763 467
23 141
527 606
466 298
503 837
3 225
278 37
597 713
837 218
296 772
693 827
141 420
891 172
684 722
187 106
305 219
180 785
430 211
953 535
457 992
996 595
408 156
619 316
551 659
54 105
182 82
793 239
831 611
923 892
655 657
380 863
41 403
225 622
707 830
964 151
159 439
417 188
91 5
916 82
720 435
994 846
636 55
315 605
744 313
372 538
101 100
266 395
547 790
159 580
306 952
96 620
594 295
34 814
593 912
116 662
212 191
583 582
195 257
916 295
792 365
702 208
872 187
398 81
402 108
701 392
902 929
950 957
627 544
757 657
557 885
544 444
601 189
565 282
787 784
271 483
147 689
791 744
809 20
216 76
516 65
240 114
596 503
123 687
843 182
184 537
504 822
982 607
197 509
843 263
936 99
684 769
847 343
614 582
425 738
45 825
827 53
895 123
788 807
736 464
143 872
562 116
945 324
913 742
608 666
75 767
888 378
465 735
58 423
418 847
220 71
37 567
854 770
808 535
267 62
968 385
197 817
988 92
326 607
595 226
429 350
12 458
50 533
34 142
141 682
992 502
519 405
760 914
478 949
742 38
603 300
345 716
107 989
224 735
335 709
121 841
214 510
17 850
396 847
630 950
647 390
670 61
194 874
121 826
634 86
933 725
682 983
938 381
190 198
933 678
590 359
167 242
925 2
358 795
985 798
431 244
432 459
755 469
313 362
721 293
726 214
877 43
481 322
169 244
618 857
35 592
92 788
164 441
368 84
792 662
208 557
340 218
674 710
911 663
40 246
222 2
118 83
134 980
905 459
359 415
586 289
715 399
952 587
314 620
829 155
981 448
325 172
552 224
791 67
775 574
464 176
727 833
763 520
40 419
996 934
178 273
292 793
171 984
723 87
634 646
789 320
112 612
521 930
974 836
409 908
945 66
356 78
15 904
205 266
480 375
742 115
696 544
488 770
537 57
314 130
888 227
262 98
543 503
891 687
858 310
285 436
893 223
968 234
945 442
41 451
441 110
59 555
152 503
81 439
217 663
180 269
608 448
954 820
821 4
894 586
787 396
73 804
830 466
138 1000
23 154
273 261
77 741
601 987
714 730
792 189
66 755
541 167
263 929
13 974
127 496
237 368
75 29
256 657
810 216
459 954
776 72
761 526
833 105
299 597
340 143
964 833
566 693
330 353
884 502
458 254
74 840
728 240
232 74
291 978
460 695
246 224
840 889
736 698
365 750
723 932
926 779
529 35
733 259
329 69
771 122
809 307
357 575
653 66
33 857
864 333
353 968
836 931
226 568
785 475
737 34
511 395
983 573
965 210
839 697
453 270
650 570
228 514
283 605
709 221
250 786
290 189
662 333
652 985
884 196
300 405
995 337
538 745
194 803
285 408
68 792
698 499
20 219
313 87
152 467
161 186
324 561
623 63
935 83
973 156
480 863
656 818
223 338
78 627
96 797
584 724
834 4
801 181
705 785
193 37
969 900
36 597
433 870
99 501
539 406
832 412
911 862
717 731
424 414
353 296
779 788
212 485
32 835
287 501
126 551
18 874
476 466
739 460
887 732
501 1
853 348
197 280
218 805
992 560
295 959
477 56
689 624
248 288
619 363
982 931
549 196
71 384
371 474
340 359
197 58
917 721
496 881
671 838
908 52
608 878
625 640
572 905
616 989
771 990
709 32
451 304
145 945
810 933
171 689
281 145
174 452
914 903
772 96
103 503
822 99
791 708
2 636
997 967
245 866
546 353
216 836
450 431
987 209
842 756
270 40
602 828
439 582
928 545
379 257
688 863
16 735
509 670
646 95
479 826
678 37
402 843
355 889
356 134
322 18
565 982
569 19
682 786
630 740
756 935
578 323
887 207
353 502
492 341
169 782
906 268
360 645
797 148
549 723
52 989
347 747
866 441
226 984
136 464
772 69
757 513
981 201
692 156
53 678
526 31
777 596
503 374
785 103
605 638
258 225
910 157
619 846
491 211
790 259
403 873
301 334
874 400
415 474
957 643
944 558
416 428
429 42
605 177
879 982
400 816
720 965
365 984
629 59
245 258
1000 922
532 700
510 190
944 803
45 107
358 498
125 477
235 389
418 959
241 704
385 487
304 578
963 393
926 287
432 207
348 882
395 290
958 543
559 868
307 651
841 583
710 147
347 154
845 183
668 656
979 260
372 639
691 817
838 911
565 776
893 171
986 511
437 389
204 400
775 349
263 521
690 823
312 81
367 949
479 175
893 397
894 958
199 284
327 491
447 833
510 935
133 190
928 154
69 816
514 991
90 381
301 478
848 161
721 437
298 142
195 538
680 634
240 177
386 765
874 408
501 310
394 780
839 114
505 347
826 779
118 33
766 845
394 927
986 597
495 597
697 542
771 355
368 164
222 3
683 543
957 84
814 455
65 324
361 957
838 441
152 335
600 126
859 245
349 53
866 868
597 799
948 687
130 58
371 402
124 874
352 434
606 854
111 604
903 298
728 893
836 991
874 150
846 272
496 772
968 446
383 569
665 66
370 456
723 436
82 468
10 265
211 648
492 300
330 994
508 350
751 258
589 483
735 496
133 589
392 585
449 616
396 925
2 548
849 143
557 214
650 456
762 477
947 701
629 708
781 947
389 218
964 383
656 952
159 543
878 221
589 86
481 793
530 516
217 775
402 915
639 929
198 553
364 705
270 119
144 757
217 33
843 821
868 153
208 748
545 163
583 815
456 396
813 806
249 353
892 461
442 728
350 33
694 618
958 288
268 364
487 695
607 91
170 602
83 343
377 118
50 436
236 463
143 909
554 996
847 665
979 273
737 184
912 182
70 66
516 312
809 306
23 216
120 831
527 600
788 984
699 271
499 93
370 699
35 878
241 942
477 358
850 256
779 260
619 453
609 111
384 160
297 785
137 964
727 571
603 585
784 301
345 873
396 675
73 314
958 757
998 234
104 474
270 731
987 327
831 478
544 776
606 978
953 324
845 238
918 966
907 279
30 74
497 578
918 757
928 629
102 616
109 324
612 936
575 187
206 570
501 682
513 862
74 956
113 914
591 653
1000 406
379 51
420 535
76 113
564 174
566 628
734 762
702 20
762 739
139 982
565 260
880 346
199 10
271 393
455 412
539 361
84 314
654 74
910 240
770 372
880 425
792 719
154 296
7 242
875 366
753 782
701 228
559 184
585 981
322 661
643 269
910 961
221 385
41 811
453 62
109 716
315 181
478 387
889 24
562 78
106 850
957 751
384 931
304 305
804 755
890 72
681 757
370 558
701 746
558 77
923 592
504 472
432 85
490 215
698 848
475 169
64 512
33 567
395 424
788 321
955 208
371 25
797 525
135 426
837 284
430 674
306 852
312 489
827 282
702 666
404 57
747 702
720 365
319 174
413 181
932 631
648 722
685 873
229 189
927 956
472 670
894 673
744 330
302 998
836 378
927 589
894 560
459 313
890 751
793 442
48 592
160 890
507 21
15 52
238 167
384 626
740 109
616 19
725 671
651 532
526 928
639 889
51 448
14 244
548 916
739 815
846 593
722 675
942 912
213 92
948 225
180 139
533 285
420 922
976 282
744 774
374 193
359 663
159 725
186 680
857 90
715 20
60 199
260 769
182 726
878 563
849 939
575 625
685 503
66 579
253 579
469 518
868 937
754 724
538 473
117 52
148 576
750 612
45 840
266 567
876 342
148 567
251 953
538 251
747 195
89 813
111 680
862 656
495 841
399 865
375 743
102 101
267 48
141 599
309 661
456 119
112 713
757 279
426 595
661 484
12 918
484 429
585 414
487 554
474 327
43 486
353 578
427 839
923 858
637 466
349 950
854 605
281 1000
522 235
704 730
778 113
968 863
829 898
479 793
523 271
236 502
471 741
953 94
241 156
739 621
406 812
81 363
213 286
547 48
441 675
281 970
527 493
415 839
53 374
389 852
639 738
87 539
184 362
631 94
193 236
946 482
662 199
584 971
415 613
436 384
222 113
98 163
5 661
715 48
639 337
987 912
131 80
630 60
939 825
47 332
624 69
736 527
576 248
964 711
260 539
979 229
887 564
469 651
805 865
53 972
865 222
497 685
84 822
306 472
844 856
371 258
478 746
395 18
197 130
241 786
244 419
140 806
234 153
551 380
486 359
318 633
10 310
33 767
659 1
842 555
127 551
332 909
64 999
980 701
105 29
180 745
516 959
495 432
798 193
288 287
507 270
879 30
370 58
869 84
394 282
233 754
506 795
128 354
20 176
829 934
497 133
744 130
941 600
303 451
397 570
470 80
863 667
850 530
502 801
98 186
587 717
90 431
341 81
403 262
276 632
119 40
895 667
901 156
415 968
865 717
437 604
813 805
373 862
815 299
175 72
30 965
233 650
587 440
454 241
809 902
538 687
977 712
118 2
585 687
622 658
326 63
878 632
523 49
567 760
235 978
130 509
829 189
32 519
676 336
456 755
109 743
420 406
790 510
743 360
782 668
714 126
715 651
718 542
184 817
956 151
873 31
960 210
944 759
358 89
433 118
549 256
515 240
845 681
112 563
847 47
244 16
619 452
509 180
324 127
642 132
370 493
32 952
775 992
190 325
427 117
333 232
423 458
563 23
134 123
392 614
615 374
106 322
242 898
59 728
363 922
381 461
772 920
590 131
665 744
149 455
48 149
730 782
308 954
657 1
744 254
898 678
673 166
638 542
806 506
133 100
670 277
484 776
848 219
385 883
463 658
79 314
700 959
368 432
842 40
812 973
407 363
834 181
191 528
715 154
661 784
757 555
189 47
905 326
974 651
1 793
899 864
633 742
109 284
598 292
891 810
179 150
494 797
501 15
986 488
545 537
50 89
986 120
571 537
991 684
596 188
390 919
211 150
257 962
408 594
230 289
476 176
69 109
309 926
789 420
781 832
888 353
707 743
870 785
393 135
90 751
98 766
935 975
816 164
745 457
482 673
230 3
430 961
142 778
254 133
774 474
49 211
585 481
435 922
665 57
527 892
922 415
530 905
585 370
881 923
203 755
99 930
742 136
51 775
12 207
823 841
609 709
885 688
517 161
677 936
671 827
632 401
815 830
66 331
820 864
56 638
108 978
32 432
310 582
298 118
560 365
893 487
472 957
498 881
866 660
264 905
427 439
878 500
38 207
721 335
783 163
610 961
424 350
976 283
260 236
908 688
47 228
130 528
406 333
653 708
891 857
736 774
375 741
991 482
153 546
596 498
45 532
49 593
726 885
748 213
236 385
532 694
439 316
813 527
481 494
447 785
729 256
640 799
40 59
339 105
265 846
947 358
508 880
680 107
701 811
23 771
822 513
698 531
934 691
495 987
870 829
823 233
606 779
666 164
171 526
98 546
462 3
138 349
908 425
124 550
548 128
326 594
607 743
556 379
847 148
81 797
244 511
305 341
556 266
794 691
196 127
583 321
245 979
750 560
646 799
24 58
6 942
512 287
219 425
947 922
777 941
883 223
135 788
821 444
694 954
453 792
755 184
369 469
132 439
663 549
484 994
553 839
842 968
898 806
209 445
302 882
786 967
808 787
666 574
644 441
223 148
137 185
13 168
86 116
773 108
706 1
363 430
523 847
644 223
259 379
521 108
857 4
964 65
717 528
296 244
776 62
598 253
32 798
257 767
312 638
446 567
32 909
183 750
849 918
576 842
615 555
559 115
653 970
417 866
190 626
775 571
64 397
193 559
545 690
88 259
144 117
588 624
348 973
80 935
600 158
590 633
206 326
297 682
584 116
793 906
480 411
744 304
708 275
931 543
802 968
380 700
239 363
931 489
6 824
380 787
206 915
210 302
945 801
858 450
72 467
749 727
509 866
615 418
730 696
217 619
806 765
238 403
632 346
228 173
102 578
786 521
181 113
384 797
702 397
596 912
462 586
657 764
333 346
105 288
332 82
631 366
833 467
975 776
262 685
962 266
312 990
294 18
564 212
412 73
674 916
895 666
803 872
952 46
476 820
77 627
688 332
435 9
644 179
776 75
726 979
912 635
364 112
718 931
424 421
633 713
575 682
354 58
249 208
658 162
899 148
520 223
518 958
210 541
726 701
801 746
715 428
855 143
184 773
37 281
644 759
856 936
850 476
870 923
905 741
528 344
31 831
896 732
880 843
310 354
681 270
130 28
386 178
527 697
525 389
583 403
455 796
289 534
325 304
163 45
543 182
815 621
968 476
145 859
404 176
777 698
374 621
214 603
586 998
972 531
555 637
722 230
355 531
64 357
565 684
896 183
950 510
980 307
96 854
869 230
319 5
877 539
548 525
841 541
648 647
336 83
512 118
290 380
699 536
502 886
86 978
878 110
91 840
117 365
169 902
778 360
428 673
251 14
790 847
556 677
80 374
578 508
510 171
818 527
66 808
86 303
325 557
169 49
652 650
394 962
736 891
309 497
889 339
173 634
987 938
183 673
549 435
429 801
467 146
503 720
260 19
568 743
715 919
457 424
330 166
600 56
265 849
966 91
415 483
552 187
93 197
790 213
10 651
448 852
589 869
71 530
867 627
712 688
197 200
400 870
919 458
983 962
393 473
542 583
107 612
736 116
116 222
558 301
64 945
927 152
34 217
508 128
181 358
874 355
827 284
651 74
210 502
566 123
271 789
521 554
10 33
85 619
694 991
452 478
823 761
298 996
783 152
128 299
590 271
646 237
185 287
518 427
904 363
905 54
321 175
820 135
696 909
610 623
517 225
131 442
902 933
82 768
835 450
825 344
770 654
950 800
990 781
347 797
4 234
647 768
959 562
819 231
195 833
469 290
970 345
520 8
23 463
61 120
476 490
796 205
505 118
622 587
308 535
60 176
67 884
145 342
735 889
408 512
87 817
836 599
896 644
934 688
884 891
228 743
876 487
453 306
864 487
940 836
908 426
50 958
18 693
897 927
805 574
756 44
524 154
104 587
253 118
276 435
119 621
500 657
727 338
457 738
759 957
100 366
337 84
524 504
103 613
346 170
989 580
920 117
426 258
834 647
962 496
118 645
530 652
752 772
128 408
39 82
959 13
561 982
108 922
471 743
22 227
498 771
539 55
265 98
303 414
450 958
114 499
522 858
407 460
137 184
602 44
752 625
806 146
187 814
522 813
661 742
482 81
355 197
321 981
104 451
588 941
325 886
990 120
778 401
130 64
61 269
690 255
675 529
509 475
74 104
527 577
309 932
774 758
352 393
453 211
279 408
301 448
874 258
250 536
32 731
69 951
932 102
27 592
598 809
888 407
328 241
560 908
998 114
249 593
435 607
609 433
516 667
665 71
278 690
318 639
982 837
251 584
513 139
163 878
633 420
279 860
672 605
530 974
894 285
419 585
997 28
263 328
603 445
133 326
825 875
661 213
498 761
67 232
507 497
289 38
698 330
702 434
446 76
125 915
937 515
475 716
356 318
647 644
635 874
798 880
267 760
813 388
419 901
848 241
942 863
467 701
543 964
847 873
345 537
513 529
878 429
611 338
117 517
479 418
105 889
514 849
456 825
570 725
222 448
490 536
644 67
645 278
235 436
777 358
905 441
464 935
249 215
268 367
182 749
532 760
883 912
536 763
705 196
463 252
635 263
622 515
400 206
408 379
403 821
922 847
601 890
710 230
857 690
897 539
199 615
956 34
481 134
118 861
658 980
915 464
301 193
746 813
110 716
936 861
19 995
900 952
775 828
851 42
131 273
272 325
241 828
686 216
390 501
673 655
50 582
555 751
228 925
101 361
985 830
271 580
972 611
37 958
730 257
409 575
263 428
121 773
56 836
739 713
426 218
389 470
266 355
195 411
267 518
915 882
792 231
134 298
542 439
947 517
755 480
259 519
80 216
687 591
669 80
618 616
924 130
885 434
566 587
586 525
630 446
139 971
467 454
967 109
260 807
611 479
924 676
266 300
815 201
374 107
356 546
529 336
359 765
502 376
863 189
691 452
692 811
348 737
627 790
593 986
890 108
586 357
344 840
588 731
572 304
184 753
161 942
829 223
227 565
49 277
8 952
135 995
945 339
984 263
178 322
366 743
40 383
576 81
82 230
615 976
447 546
249 815
624 365
76 776
2 935
774 585
512 504
957 605
392 855
524 96
621 585
839 665
435 879
367 205
978 63
853 781
548 253
841 845
595 934
612 904
884 181
558 306
927 155
305 440
125 23
586 539
536 268
275 736
883 119
591 302
261 477
797 699
580 61
963 207
96 723
586 618
64 848
599 992
498 847
397 926
950 330
953 214
187 283
600 945
955 657
733 961
245 492
228 501
930 186
674 251
413 325
649 431
83 871
584 756
895 716
17 693
352 836
424 689
413 459
445 197
122 818
44 361
470 376
678 957
682 48
938 966
167 440
808 947
62 342
122 165
951 844
57 566
539 374
44 936
9 699
84 345
711 76
827 691
540 84
562 700
939 15
554 808
487 18
911 604
435 399
364 689
944 595
266 675
519 972
562 113
837 185
840 403
396 433
434 764
328 327
338 96
28 804
12 225
784 74
90 705
303 395
936 789
31 246
131 565
798 447
818 297
287 958
145 913
733 504
68 47
713 342
107 579
628 103
812 158
524 362
341 658
196 139
822 67
660 282
989 466
722 175
760 774
372 468
217 525
343 213
256 223
397 680
329 980
264 841
73 498
607 71
837 928
861 121
881 368
5 222
470 685
12 922
129 658
96 875
498 915
947 746
247 421
933 899
860 869
477 519
995 214
208 772
856 351
342 962
113 266
723 689
761 486
243 955
607 703
429 582
435 656
126 528
112 78
661 967
545 598
140 270
553 35
516 177
166 510
870 610
781 19
782 788
72 571
288 616
822 289
314 728
900 679
23 176
64 399
356 943
839 946
426 897
887 934
330 465
880 317
466 882
559 704
16 192
440 908
955 63
439 198
935 537
867 795
926 748
374 825
451 268
159 199
732 139
638 37
351 248
163 785
208 634
279 863
158 20
698 105
438 292
632 237
885 709
489 268
401 658
219 439
973 98
688 158
247 349
379 205
659 495
310 925
683 405
561 276
851 683
388 662
398 496
129 589
518 481
367 981
99 299
171 214
730 75
402 30
901 8
890 405
47 952
623 619
860 841
754 196
665 845
761 672
523 667
268 522
929 704
325 567
769 831
790 784
530 196
466 454
821 963
330 942
188 448
855 681
800 194
175 58
394 959
787 956
457 289
679 634
493 547
847 756
995 801
585 573
527 902
623 809
41 819
723 939
173 310
525 161
374 345
502 386
213 597
676 339
1 589
314 764
780 497
33 860
171 402
239 570
130 26
576 118
387 761
814 48
46 414
504 81
676 49
842 281
699 368
183 3
363 97
461 861
872 860
45 30
727 249
140 886
53 805
605 102
788 570
607 680
242 588
594 249
956 496
563 526
72 19
825 571
699 94
799 593
515 835
882 399
935 667
77 239
81 244
45 337
357 79
486 429
548 440
327 619
312 320
760 830
393 897
733 533
494 27
6 471
119 378
786 619
694 864
878 253
588 411
137 21
357 308
986 34
458 603
961 352
670 280
484 779
489 923
122 728
359 542
824 23
956 556
830 45
912 714
198 299
861 745
455 408
757 552
869 922
654 78
557 491
382 551
184 404
9 751
754 605
272 78
815 46
253 699
144 145
52 570
575 942
218 977
499 660
600 169
177 168
178 745
179 550
628 767
810 652
211 505
323 723
529 812
90 746
454 982
254 57
71 669
558 193
992 113
23 591
686 245
67 359
103 413
107 386
507 55
642 269
474 367
422 967
873 959
784 412
332 976
148 448
102 814
823 741
509 808
916 88
350 756
122 954
725 968
64 849
727 174
949 144
346 71
647 297
677 806
354 461
6 322
744 221
636 475
820 786
181 835
588 342
184 116
94 539
824 68
398 91
56 46
277 906
919 591
646 269
354 303
230 858
800 957
92 101
859 474
611 365
169 130
367 739
961 110
1000 660
29 438
979 896
188 281
705 97
209 786
853 25
212 407
491 424
512 637
457 360
22 912
278 270
631 916
724 298
250 177
17 240
2 324
575 637
250 503
598 438
996 696
566 912
914 401
18 730
777 434
406 29
542 612
766 647
883 617
610 499
957 670
5 881
552 307
675 341
433 34
644 600
59 232
707 708
390 656
729 592
915 690
906 754
48 214
881 858
219 799
864 104
556 374
573 560
718 165
818 441
428 918
295 371
730 560
693 428
74 276
536 361
725 891
615 443
937 159
694 14
699 868
7 861
177 626
593 42
42 304
228 27
356 208
907 672
510 857
818 650
152 703
778 351
506 276
260 849
935 231
459 182
351 492
711 85
484 707
639 793
273 814
990 717
774 282
722 643
959 882
875 410
201 604
91 592
863 470
260 195
522 698
947 907
14 352
401 19
726 805
88 121
967 453
127 312
697 545
148 914
313 808
26 307
689 721
445 315
675 898
586 299
326 102
572 266
23 66
444 245
317 865
728 56
47 328
675 531
329 277
415 276
588 540
519 930
261 958
844 684
112 467
766 675
822 625
897 686
715 739
239 545
184 793
258 480
371 409
208 125
597 651
714 425
571 288
888 412
715 961
148 326
520 753
779 364
618 156
727 530
237 738
992 57
333 207
962 641
963 360
163 784
220 327
646 879
974 104
804 717
387 856
561 133
326 186
693 384
430 734
237 516
589 367
292 731
702 598
243 143
206 769
287 371
285 398
569 259
212 806
336 106
232 43
264 870
411 713
821 14
404 701
255 966
327 309
76 251
43 898
501 578
851 795
543 561
301 654
696 984
308 486
950 605
347 520
482 273
126 220
503 133
497 372
605 47
479 428
541 161
874 910
126 851
342 892
201 632
991 1
925 691
30 969
913 203
224 267
196 948
457 288
896 945
839 883
235 182
538 490
946 119
668 427
420 402
974 537
357 569
292 212
24 522
118 706
805 914
239 426
295 580
675 929
840 315
974 170
760 242
543 179
858 643
604 419
988 2
556 318
50 727
516 776
506 904
141 893
309 491
831 298
281 586
500 634
413 93
342 365
676 581
237 889
593 455
461 369
467 908
795 527
468 688
695 472
879 175
207 982
152 328
414 968
419 978
95 781
441 878
761 865
282 682
742 556
51 491
164 650
195 639
564 171
530 263
541 944
517 27
406 714
599 499
412 479
514 819
236 251
97 603
451 322
575 378
78 902
562 519
670 586
491 463
255 318
938 29
496 423
943 976
27 33
47 34
106 554
899 903
147 632
481 454
433 347
274 525
993 355
931 775
981 386
13 432
715 730
19 279
596 47
541 890
90 596
767 6
491 779
352 162
818 176
270 926
490 208
28 95
6 884
686 250
49 215
548 255
695 120
914 897
220 408
883 200
149 148
759 805
984 935
91 493
521 734
938 905
924 653
582 613
380 965
223 521
439 604
613 177
560 3
12 658
108 959
626 828
897 380
864 905
759 760
377 810
204 505
497 65
722 634
228 503
411 689
303 391
455 200
256 386
973 267
422 19
825 795
43 970
389 234
670 373
584 758
161 283
273 833
184 794
747 632
598 11
657 987
363 217
369 873
381 898
603 271
578 238
118 223
986 635
553 436
867 212
580 923
373 899
857 974
624 975
3 36
313 892
896 1000
249 126
526 400
369 693
44 607
588 938
248 322
891 552
36 11
790 244
629 404
991 541
407 700
214 986
264 401
334 419
500 79
407 557
582 133
286 454
822 692
127 808
864 506
847 227
443 249
963 510
729 704
15 957
806 920
715 949
510 307
499 62
764 754
780 879
16 900
860 29
168 735
813 241
156 560
417 767
395 344
793 381
831 285
10 113
858 413
987 51
203 608
241 437
42 686
433 324
906 601
696 735
551 867
94 730
591 546
975 899
138 876
176 439
927 556
786 944
103 793
227 561
750 112
570 986
554 295
7 659
213 394
569 162
570 589
477 517
869 391
703 19
658 941
882 890
973 529
51 193
683 900
577 153
482 932
877 326
843 250
130 355
312 514
494 878
23 492
375 185
303 844
397 183
623 791
974 659
633 787
594 520
130 389
117 19
439 412
822 630
89 626
13 134
168 383
520 916
261 974
406 169
62 799
698 563
183 57
921 208
6 530
997 581
407 561
181 971
489 182
272 348
236 933
718 289
96 112
315 478
393 568
780 188
379 643
529 900
270 854
197 798
659 166
115 189
225 461
922 349
814 871
263 167
765 203
175 811
111 937
295 278
354 846
480 765
334 200
462 317
390 46
138 95
175 920
234 420
56 572
93 639
333 48
261 275
372 554
390 185
548 533
439 644
243 319
730 823
753 510
772 560
740 204
449 317
863 646
310 514
756 630
207 866
325 731
656 860
463 301
935 138
639 828
700 912
863 420
578 52
374 147
655 424
35 787
53 454
91 703
403 747
23 274
268 667
551 504
515 682
588 972
827 652
240 34
682 409
921 711
354 54
9 753
139 654
612 784
592 422
814 485
766 994
5 468
532 874
204 102
420 12
990 653
973 1000
443 869
634 80
598 511
781 53
139 509
729 493
35 316
1 508
607 500
62 239
749 63
417 620
883 465
535 232
495 799
421 920
81 959
79 220
392 958
500 903
562 134
709 53
158 709
110 578
811 749
115 232
561 454
176 932
486 321
931 212
660 510
770 330
284 941
276 391
594 134
833 966
861 736
558 277
720 560
827 500
850 943
431 970
231 612
586 629
751 157
882 284
737 487
271 930
648 651
591 629
86 368
637 247
964 345
786 617
915 887
328 571
702 429
668 581
996 74
355 834
411 724
285 179
656 809
142 804
414 969
481 936
688 410
643 547
397 682
161 770
384 539
716 930
7 731
817 843
877 91
359 274
630 445
946 468
947 853
913 293
164 617
881 233
187 984
776 107
795 793
152 773
545 818
451 991
434 147
222 199
236 11
473 847
317 198
134 772
545 931
583 47
986 535
201 885
921 588
409 352
447 506
377 20
572 307
754 682
24 841
956 82
499 745
596 185
844 699
447 206
339 80
982 954
624 130
870 368
165 756
421 602
562 72
581 316
982 789
107 429
658 567
474 984
435 594
645 715
979 17
215 451
842 315
625 697
775 797
305 211
789 129
37 748
167 557
495 160
172 389
963 402
231 682
894 126
955 214
119 645
444 849
105 79
395 319
897 81
972 563
712 216
885 522
702 623
427 127
814 633
73 907
20 134
828 813
890 646
191 127
360 185
911 342
806 392
310 603
645 530
955 658
481 859
63 433
36 981
557 432
329 165
60 665
960 919
782 752
355 975
541 727
484 809
892 190
661 605
905 139
982 427
470 383
130 634
646 85
209 647
877 208
805 307
514 335
661 831
421 58
558 725
80 628
316 183
600 899
88 14
255 418
301 402
334 535
761 297
925 15
74 243
294 629
758 142
637 823
856 130
88 300
282 443
550 698
349 333
45 834
780 443
983 668
487 493
54 688
360 193
370 765
775 752
383 362
27 584
106 195
694 448
173 253
883 393
91 849
921 100
25 95
101 460
375 765
215 340
346 485
758 866
901 955
371 74
742 79
841 878
736 20
615 292
764 610
405 447
529 697
864 282
626 639
961 329
358 678
822 241
717 485
114 186
21 350
377 852
194 866
285 89
569 342
660 123
788 48
663 880
423 239
669 243
219 621
812 733
877 769
330 580
403 496
777 3
669 21
122 994
88 686
90 324
847 846
44 288
757 637
630 485
373 836
320 368
783 307
926 769
483 106
717 523
277 654
518 580
425 923
190 661
874 211
490 691
531 315
994 99
409 431
209 909
709 540
1000 912
947 171
883 809
114 770
723 912
923 210
282 214
11 572
305 863
162 928
273 505
985 471
338 289
447 897
871 30
55 205
419 355
478 748
780 46
783 235
361 482
289 525
572 840
979 950
428 80
619 367
287 927
223 797
534 413
98 946
985 806
508 341
665 500
333 94
603 256
564 29
803 322
290 115
988 862
609 663
379 337
531 588
100 939
20 207
133 872
959 476
172 770
800 571
416 308
592 829
76 573
831 22
673 156
674 207
712 358
470 106
756 431
995 281
480 826
392 140
982 241
820 212
237 70
402 29
534 786
977 919
375 472
568 148
676 643
978 996
200 903
972 285
919 486
463 986
778 546
66 880
714 932
53 630
183 555
517 455
39 519
924 463
213 880
877 297
164 340
826 29
496 268
524 564
282 187
601 415
288 536
71 263
169 267
463 105
466 319
835 652
144 199
643 47
918 503
426 977
457 983
430 205
864 325
58 644
165 672
831 771
723 138
745 582
653 203
277 215
780 210
304 155
323 649
654 719
897 938
684 374
745 352
284 868
619 331
180 949
99 831
739 522
765 238
447 791
576 828
282 476
25 817
58 326
637 404
285 511
286 72
125 224
876 856
271 828
20 124
242 956
224 671
778 160
488 4
750 348
856 815
817 543
301 646
76 138
631 472
850 609
981 761
753 362
575 49
961 357
561 611
302 687
247 731
164 692
904 277
347 534
898 922
445 189
122 794
454 821
130 919
991 214
355 176
433 750
530 148
326 371
844 500
41 481
39 602
922 538
703 435
796 119
465 535
799 816
910 251
861 535
952 813
862 208
888 939
580 929
760 434
790 396
322 836
542 436
217 450
255 30
37 343
374 696
856 167
250 378
947 272
783 702
349 118
38 818
5 794
908 93
747 79
507 13
306 267
201 39
993 67
762 384
193 667
935 965
737 70
810 794
25 66
113 918
118 607
671 991
999 450
837 483
784 241
324 938
164 839
120 175
106 398
626 713
378 852
314 211
647 247
647 431
695 235
557 134
168 467
262 34
963 179
575 83
824 523
896 104
716 553
518 243
223 523
390 134
927 933
217 678
859 19
16 727
436 960
642 567
849 89
254 15
394 476
233 716
88 729
698 270
312 189
722 632
318 119
513 691
713 990
466 10
520 523
262 622
670 379
428 642
857 272
915 118
38 193
61 800
479 81
331 38
777 448
373 879
29 435
736 941
84 357
949 714
216 85
179 75
313 785
100 719
89 378
398 922
614 213
345 817
766 571
611 369
952 551
792 976
301 326
193 581
411 394
729 443
608 548
666 396
729 801
80 945
870 932
429 34
175 578
111 576
193 871
505 693
344 757
992 161
613 718
519 750
794 411
529 604
707 598
979 925
393 514
304 163
16 887
277 112
157 450
339 427
340 976
470 899
436 535
846 478
261 428
832 632
427 956
872 515
449 900
360 361
445 103
445 688
301 556
160 576
877 589
94 841
756 382
102 600
413 3
324 738
668 543
502 685
229 811
233 680
401 468
413 782
920 792
775 490
691 983
708 927
692 260
51 436
638 600
398 395
187 528
75 266
423 972
320 595
281 979
1000 469
454 994
238 821
773 86
846 692
620 647
855 958
514 838
919 477
939 387
687 865
669 822
269 136
515 688
164 418
277 653
574 237
353 511
703 459
653 738
430 357
86 475
108 7
165 984
493 571
138 103
942 256
778 865
467 224
748 55
75 807
849 904
973 962
13 101
508 803
234 396
435 495
143 806
239 701
554 923
59 299
97 220
524 887
961 907
152 82
953 779
809 367
443 57
960 205
990 49
747 23
896 613
907 145
295 605
577 628
905 941
546 765
379 788
906 661
157 525
267 85
703 518
906 868
279 746
968 53
54 46
400 577
461 104
30 199
215 89
811 830
190 393
992 765
730 642
287 589
755 237
539 936
901 705
668 716
940 361
262 901
820 951
696 765
345 465
806 582
552 865
494 242
464 449
816 822
156 563
769 736
650 165
389 159
228 393
446 448
638 628
845 262
316 564
636 141
912 851
717 972
81 475
795 910
190 852
160 391
24 913
471 853
493 765
596 594
463 933
264 165
605 668
937 194
866 232
429 934
840 787
843 152
666 691
540 152
139 529
247 592
529 393
629 236
239 864
739 44
415 501
201 953
776 397
942 510
512 883
897 655
174 215
178 298
992 250
679 954
849 551
477 382
499 474
286 284
324 215
804 217
149 12
113 896
11 999
818 493
452 179
384 179
721 766
97 113
233 36
523 17
68 595
896 141
338 116
148 42
727 757
300 285
124 441
15 314
453 841
648 653
82 613
194 171
980 958
679 903
252 85
952 259
660 60
823 512
649 293
479 862
986 46
659 380
317 256
137 106
835 351
194 77
982 18
911 18
218 327
240 275
470 614
460 258
899 587
132 772
565 411
84 467
545 839
930 667
680 570
18 65
852 984
155 120
808 414
956 553
847 551
848 911
524 586
503 569
931 600
658 128
900 325
350 404
559 64
744 607
908 888
66 631
88 163
936 113
295 950
105 664
120 756
83 488
785 156
219 760
199 582
644 721
340 360
433 58
641 637
537 700
19 296
894 130
509 224
236 600
555 800
168 568
524 29
429 479
68 161
658 727
468 156
789 143
336 745
923 729
270 780
785 728
642 867
24 438
64 951
966 936
681 808
295 216
647 7
555 492
756 283
538 722
119 421
418 32
68 869
841 547
200 437
932 974
259 840
521 445
993 744
725 581
377 815
600 950
878 157
777 148
636 905
74 984
994 537
920 684
578 344
670 376
998 677
69 835
612 627
388 17
155 294
302 571
507 779
933 891
75 79
645 183
818 557
566 731
930 829
412 685
105 965
17 91
990 902
937 26
425 974
339 784
843 160
438 580
785 803
459 603
939 725
838 485
507 695
491 202
738 201
158 108
310 838
3 199
813 298
606 192
951 444
57 415
371 302
193 870
39 219
823 230
37 573
77 448
131 568
172 468
284 830
487 717
751 384
54 976
920 302
719 934
956 436
353 745
393 658
204 311
215 991
993 953
265 553
336 356
319 357
410 643
506 860
15 604
508 162
94 959
243 183
120 426
232 164
51 872
512 278
659 617
525 129
366 179
539 975
198 86
835 104
964 268
177 630
381 398
538 601
742 905
712 332
713 661
631 387
560 256
617 305
268 829
565 49
214 65
241 101
575 72
694 590
381 833
754 221
705 807
687 755
65 128
139 953
86 254
640 694
881 38
578 94
375 276
342 507
804 524
108 497
914 188
259 497
830 888
51 525
460 645
445 311
88 236
785 58
294 516
173 461
139 581
568 677
399 959
734 246
455 531
442 414
79 935
409 207
397 548
698 591
53 980
718 522
153 210
121 326
965 83
767 219
624 347
533 639
951 384
111 615
463 346
447 609
363 665
876 449
179 659
478 893
267 84
505 961
343 289
628 717
318 609
840 225
768 846
805 685
55 258
846 59
24 494
480 752
888 237
793 586
655 723
488 155
430 738
953 311
367 141
774 199
43 331
837 770
980 820
485 242
786 753
436 778
920 87
483 273
953 189
656 945
821 409
558 21
259 896
595 708
123 199
234 724
227 807
610 719
749 891
96 669
480 828
788 637
747 926
199 251
368 317
795 528
759 451
468 744
565 134
620 503
256 764
26 718
632 797
982 465
269 346
693 861
256 875
776 193
243 922
475 324
351 896
409 393
852 155
112 698
568 722
419 330
634 95
836 759
534 988
456 763
419 323
529 170
969 419
607 497
774 724
779 686
563 887
873 711
145 562
884 953
666 116
101 433
317 724
818 283
358 32
441 242
186 103
664 589
202 564
776 891
732 100
661 189
606 597
775 984
819 994
361 254
694 168
38 652
100 349
873 91
103 602
551 966
113 734
77 123
439 628
307 714
414 786
807 297
574 524
21 660
156 509
823 913
678 606
285 465
661 356
483 154
636 460
85 434
51 638
623 182
436 12
535 784
720 127
354 405
415 886
695 762
118 469
134 590
506 443
217 4
972 172
97 750
798 177
578 23
448 368
839 412
882 641
991 97
304 799
485 908
678 117
41 112
302 361
364 151
739 502
473 622
442 487
903 566
654 284
126 271
93 222
495 606
633 953
482 599
266 536
837 207
231 112
396 395
804 24
399 868
40 357
997 521
197 177
110 754
275 923
520 574
671 985
876 521
89 841
309 696
680 292
923 728
980 543
504 336
676 816
609 499
443 447
637 453
15 635
534 301
801 835
209 30
914 436
637 438
324 377
364 259
677 848
860 458
38 906
4 526
976 215
906 238
618 660
217 725
441 797
761 912
206 543
818 460
40 713
76 63
540 750
522 929
137 133
412 25
601 280
368 325
810 100
332 480
565 254
454 791
660 678
754 265
421 86
526 203
284 242
904 921
878 734
937 136
97 635
819 236
748 190
341 368
144 980
53 684
690 159
326 127
308 542
994 205
188 116
250 301
752 700
70 112
416 631
970 34
202 392
865 344
918 450
832 15
625 163
212 225
93 34
3 198
147 44
174 157
656 236
433 37
932 73
537 671
735 516
519 603
923 390
340 764
14 885
662 33
991 831
426 713
379 112
263 46
68 134
585 52
335 936
582 411
788 366
664 820
992 385
439 926
319 356
859 851
641 4
570 418
349 909
454 583
824 553
807 352
419 54
95 530
774 107
212 798
764 835
539 895
498 171
560 434
941 619
998 612
901 397
872 874
955 800
376 121
134 391
337 521
986 150
787 91
920 568
761 654
9 935
734 699
520 461
43 712
874 806
378 41
528 233
839 100
640 550
540 7
216 316
154 361
179 214
292 479
40 112
609 112
136 675
989 230
624 126
110 985
201 899
255 208
884 62
436 613
460 868
45 786
666 233
14 567
918 89
870 838
838 224
785 500
242 660
419 50
760 364
978 479
837 40
448 746
92 252
202 529
789 194
25 56
387 929
318 919
429 294
470 562
864 9
516 642
42 989
189 922
278 467
233 78
806 779
127 558
992 429
907 404
266 20
802 162
551 989
73 614
590 61
261 579
997 5
466 591
432 963
161 155
380 9
290 481
312 281
646 898
439 640
381 401
683 395
63 101
798 1000
158 331
820 725
623 157
521 325
854 451
877 994
591 800
191 406
375 469
565 625
704 533
511 693
848 135
189 145
49 806
934 85
496 33
795 817
89 406
145 100
790 628
661 884
816 934
429 932
250 131
74 469
493 541
131 38
596 306
122 441
412 517
144 171
531 457
753 745
818 935
378 670
567 608
249 939
69 112
280 140
610 436
168 351
927 505
54 895
224 86
25 107
288 967
443 293
906 695
926 306
231 642
346 472
533 884
883 243
24 348
979 708
195 213
667 40
896 272
111 969
276 114
336 301
542 781
767 562
719 703
524 447
894 691
396 778
99 623
870 522
582 796
677 780
553 886
200 490
938 312
226 630
152 333
199 688
661 468
905 2
427 322
302 690
123 83
969 855
217 922
130 995
38 216
665 898
216 350
218 500
222 276
351 176
376 739
598 83
273 122
41 486
792 682
888 831
451 963
530 34
899 875
409 220
930 256
493 513
562 354
501 22
448 142
545 528
606 107
308 938
563 948
533 724
522 43
758 209
117 215
945 340
841 139
328 338
353 993
559 273
523 400
250 603
98 535
689 216
945 54
514 5
422 878
371 114
598 987
987 268
348 322
974 58
285 71
107 723
153 340
745 210
29 697
216 928
591 311
266 115
270 556
346 222
774 661
850 798
618 258
871 628
655 955
111 195
849 94
372 669
817 568
841 21
327 363
418 453
560 358
355 866
932 420
638 547
398 434
809 521
55 777
359 939
695 729
682 168
526 869
482 466
199 168
821 867
345 90
436 263
700 596
740 373
388 418
639 577
126 876
472 240
1000 284
902 703
389 536
308 414
781 262
231 467
748 191
566 840
329 351
241 831
683 556
443 707
172 462
840 813
469 411
449 887
991 378
179 715
666 182
433 378
644 800
791 51
350 257
524 846
166 695
171 859
407 699
174 162
784 50
658 535
790 120
59 238
171 1000
44 378
427 514
652 800
926 616
339 334
822 649
698 907
715 987
831 725
10 393
157 550
453 414
512 603
710 850
879 697
183 246
955 153
6 853
266 238
230 183
68 22
642 837
145 795
833 898
850 992
176 255
964 104
293 792
20 64
457 746
831 280
673 938
584 91
133 102
161 254
966 805
200 324
497 774
975 537
63 243
265 136
543 293
454 692
406 843
65 971
462 631
446 88
267 583
622 812
664 497
77 868
498 827
599 227
454 598
537 878
510 978
919 760
99 389
138 587
624 548
677 550
536 858
449 913
351 123
152 931
321 60
216 278
566 522
511 865
757 633
299 185
935 698
84 277
302 452
517 495
557 990
959 606
529 273
341 275
627 182
576 980
994 127
959 687
286 875
456 626
828 250
79 816
425 697
173 459
999 835
601 304
932 136
904 681
706 589
46 26
947 333
252 792
452 438
236 395
728 860
254 488
954 418
719 102
478 720
894 216
880 518
19 815
794 506
745 392
806 953
110 538
699 75
703 871
289 875
600 564
497 960
295 71
456 657
181 166
293 828
845 255
186 332
498 490
870 611
731 46
674 489
488 44
95 608
994 778
122 689
401 548
493 182
739 546
708 879
878 91
702 509
156 185
88 543
211 883
363 615
50 57
39 332
248 997
29 342
711 350
434 390
143 466
610 559
937 293
848 888
830 56
371 488
951 796
238 583
481 722
202 156
455 322
207 429
815 162
799 745
69 460
344 197
36 795
130 320
685 551
4 313
819 84
756 12
226 360
410 99
620 88
650 235
148 608
447 929
908 181
31 806
469 693
295 723
111 532
836 919
675 275
241 859
2 987
166 846
741 542
706 883
67 739
641 304
192 356
534 37
918 836
957 930
7 479
444 731
599 513
323 794
270 823
306 724
736 97
628 55
632 50
244 312
580 178
708 399
984 879
63 853
484 254
945 836
659 562
922 81
865 981
497 893
229 142
927 973
141 968
54 299
510 697
629 685
704 796
191 70
564 492
503 216
240 283
385 687
522 56
17 560
659 129
643 772
593 389
322 181
929 923
398 70
535 899
42 20
948 16
234 1000
256 730
406 716
227 97
355 180
763 19
673 271
730 328
342 914
805 282
734 368
114 533
208 594
239 263
946 416
937 35
757 930
297 156
170 658
524 581
265 638
107 245
74 502
999 826
235 73
809 138
667 228
836 875
601 360
231 29
912 141
258 51
645 677
387 333
728 869
452 877
44 407
634 339
317 645
193 671
50 768
362 126
220 112
917 342
597 574
638 138
931 102
383 533
132 897
542 588
189 927
806 961
607 794
314 223
990 787
923 843
158 964
523 765
560 170
462 382
600 667
143 697
233 918
371 11
418 224
458 821
20 28
350 767
109 237
776 876
89 385
146 662
369 295
333 324
885 823
673 239
648 662
824 365
437 294
129 541
584 770
797 534
267 683
108 603
125 595
476 983
682 774
76 57
630 752
515 640
872 168
32 447
156 16
692 66
19 280
131 306
697 520
758 45
437 922
151 156
479 371
619 540
516 990
288 358
307 386
878 591
662 520
312 620
769 80
819 31
54 218
839 160
930 924
398 926
865 493
866 30
648 341
867 299
879 772
928 730
176 549
563 915
781 120
43 343
538 351
609 692
871 497
174 163
710 945
966 463
28 801
733 496
201 199
311 30
24 584
116 502
580 581
513 388
386 482
940 829
500 964
507 764
81 779
4 503
375 617
896 298
491 664
578 836
315 662
888 212
998 169
177 649
915 615
608 211
189 854
67 102
416 446
842 796
750 194
773 414
556 34
835 109
980 898
565 796
323 129
677 882
922 61
147 175
555 346
302 777
435 405
410 979
214 213
753 421
695 542
698 302
402 800
411 659
641 913
33 133
217 928
665 968
722 747
393 269
490 779
773 82
721 417
105 644
568 108
640 649
700 633
259 357
192 768
365 475
408 984
869 987
528 569
878 619
597 961
544 179
467 228
200 563
712 538
813 718
491 26
992 517
866 34
5 956
45 868
763 406
302 22
810 739
452 647
879 792
799 443
379 970
89 628
668 834
684 617
387 645
802 764
587 535
850 272
667 970
814 911
746 833
28 768
749 842
76 840
93 806
441 445
663 382
983 371
211 295
12 268
253 160
290 170
932 333
901 922
105 121
859 768
823 997
951 208
116 799
63 816
245 957
379 487
819 107
894 266
626 924
275 288
299 230
172 872
584 120
267 900
696 530
657 613
146 591
509 745
977 95
392 339
670 10
637 237
180 274
843 626
272 941
402 884
315 769
905 877
699 615
459 250
976 32
706 241
815 617
12 950
622 93
57 811
60 606
61 755
57 916
369 858
354 238
564 77
164 627
56 348
113 349
557 944
28 884
344 87
681 184
420 852
682 387
26 495
833 21
490 656
438 656
757 894
294 724
302 195
914 321
537 906
261 819
481 44
838 32
844 913
456 790
698 622
865 247
426 877
334 370
797 874
477 378
673 268
713 52
547 173
349 672
106 391
390 482
764 705
430 547
551 669
37 835
867 908
302 437
766 130
68 21
665 475
388 598
815 969
542 883
764 935
267 851
474 437
516 902
800 84
724 737
211 910
198 980
807 298
699 933
439 374
124 36
397 962
881 679
418 447
204 460
647 338
371 581
857 398
124 155
460 513
19 311
972 969
323 922
169 908
186 562
1000 386
673 44
178 578
159 773
699 752
423 912
651 629
643 549
570 527
75 423
412 470
222 421
39 593
614 923
151 891
999 599
47 186
710 398
454 200
653 806
343 832
889 709
684 892
277 562
263 262
541 593
861 143
529 105
397 249
177 705
423 523
382 152
280 616
478 399
174 132
582 1
549 344
710 368
370 723
244 200
763 700
620 867
586 223
720 869
917 341
59 53
956 317
153 56
410 393
306 614
683 476
98 900
283 826
585 494
15 983
236 890
129 80
239 181
903 4
154 517
798 362
410 683
620 656
508 154
594 503
355 569
500 566
573 855
864 785
342 738
333 498
100 451
851 525
194 792
929 235
397 917
72 356
533 473
627 498
275 457
78 446
320 686
617 200
893 267
489 605
734 785
237 231
521 306
958 217
122 601
229 899
758 186
75 357
459 130
740 17
522 940
482 353
100 176
1000 510
982 50
584 765
269 445
90 362
679 246
182 24
756 575
523 586
371 481
88 839
929 791
15 222
610 980
192 418
901 217
596 551
999 746
726 934
838 684
235 889
302 281
568 431
792 823
98 2
889 373
209 383
451 846
201 795
828 181
14 695
645 486
39 859
10 883
309 805
750 312
504 179
781 119
33 20
112 392
420 465
727 800
213 646
914 683
384 418
992 823
176 772
68 370
250 637
767 176
36 272
699 432
457 829
331 980
928 926
253 155
111 372
698 888
426 997
620 141
864 223
992 388
684 458
107 971
444 994
735 522
743 16
882 350
440 309
4 606
247 368
780 731
531 679
912 788
111 225
721 117
202 697
285 196
552 793
574 858
591 728
222 572
272 269
156 343
656 887
861 69
573 379
167 369
208 878
377 553
194 433
255 520
327 111
866 123
540 892
942 952
156 117
141 813
217 65
237 382
130 600
810 214
739 196
26 537
248 681
193 248
981 15
929 684
550 28
950 794
125 645
758 339
230 600
856 471
692 837
584 838
74 444
648 483
670 788
732 681
624 994
535 398
719 477
98 409
309 643
400 107
754 748
149 672
500 148
562 443
433 245
219 548
734 133
229 337
581 254
736 377
292 783
168 501
386 340
672 933
452 53
285 23
202 540
850 160
392 792
68 229
471 232
625 980
720 700
2 791
96 230
205 316
626 522
84 276
629 949
685 899
81 16
335 687
980 816
693 313
877 556
399 130
845 78
403 199
350 110
78 327
800 98
581 596
87 143
90 145
792 149
777 839
280 425
766 155
318 417
265 59
261 79
176 544
191 258
298 512
412 45
711 459
350 865
958 96
768 779
203 65
403 643
557 798
799 949
658 503
531 127
402 313
613 519
320 338
191 625
537 194
572 448
900 479
1000 611
530 816
218 672
19 561
22 848
851 409
28 417
71 509
292 510
46 984
290 158
598 502
684 959
451 548
71 547
365 770
684 590
866 809
300 839
373 279
413 608
895 438
845 605
774 603
173 96
448 609
231 814
183 139
810 947
319 475
429 263
470 605
396 592
996 573
484 361
566 13
68 104
875 616
110 423
208 347
81 227
542 880
509 650
3 876
722 364
851 624
554 979
893 245
937 724
901 433
902 138
650 243
928 497
732 605
394 437
91 837
403 449
483 239
88 765
621 301
397 675
971 258
631 702
372 209
748 944
274 65
557 770
463 535
467 464
857 216
235 668
1 996
364 406
825 442
171 65
170 257
654 87
964 939
131 246
260 786
979 474
892 597
443 809
299 845
31 998
681 437
520 885
211 162
939 157
13 424
124 810
415 468
652 193
46 80
603 789
568 279
54 687
439 99
996 876
512 963
824 981
861 70
867 717
542 547
279 401
448 589
111 390
729 748
452 862
474 709
371 119
758 609
465 398
504 340
533 793
785 723
898 274
314 221
722 46
667 723
262 149
300 472
582 450
452 291
825 719
972 554
955 348
243 222
669 454
793 772
86 696
731 181
987 47
349 982
158 228
828 804
464 511
678 772
191 100
690 773
416 370
219 359
464 398
670 210
289 341
734 929
55 778
702 195
117 929
617 489
801 242
824 77
553 625
492 331
423 951
364 909
652 57
369 865
522 655
448 336
531 183
680 539
330 924
536 543
386 666
996 335
123 719
95 301
217 439
606 187
473 989
742 415
227 714
984 463
205 979
645 630
724 17
874 77
509 445
990 308
742 432
374 521
13 349
733 462
607 565
447 284
358 29
430 894
439 244
850 189
124 570
620 983
949 519
327 887
755 840
721 680
774 434
871 806
54 68
366 858
906 989
779 89
599 696
93 692
216 959
750 572
363 334
898 617
591 276
391 676
565 745
327 554
972 733
76 490
114 181
189 43
428 431
531 678
823 726
437 407
649 279
318 394
356 217
836 323
506 682
68 725
218 230
720 172
313 266
247 401
584 651
927 677
643 862
716 440
700 789
203 215
243 758
797 217
644 316
901 171
550 485
655 281
545 145
126 739
252 751
44 902
744 766
678 177
791 882
829 59
408 841
245 180
244 618
640 856
71 280
678 256
2 289
148 942
226 323
926 798
763 424
302 20
784 883
732 601
370 822
520 781
374 509
596 248
192 206
712 533
966 297
571 315
964 8
426 774
776 757
427 611
271 879
671 780
874 152
470 711
202 34
776 836
619 356
749 762
135 337
510 343
497 628
573 619
557 38
405 201
494 59
341 715
456 239
989 411
682 559
336 325
194 959
487 978
474 479
37 911
59 715
741 443
318 324
711 791
768 97
368 965
518 189
901 715
336 99
90 158
772 568
795 713
427 205
416 186
470 109
330 528
147 58
26 809
918 453
63 502
433 793
380 346
952 75
311 984
226 688
408 560
707 291
377 708
378 375
78 398
859 492
952 58
299 565
624 722
532 429
131 268
69 568
397 497
438 743
369 954
874 681
630 893
718 990
448 166
356 791
359 432
145 378
594 683
26 13
204 675
12 805
505 420
749 633
788 895
734 215
415 406
199 357
689 982
597 709
908 176
758 817
183 996
25 510
390 710
435 979
932 397
115 835
559 750
528 114
435 595
125 294
866 520
206 217
634 540
11 29
174 443
361 80
219 862
515 413
917 17
595 171
896 276
76 588
737 398
376 994
784 568
470 828
254 967
493 373
755 94
493 319
823 745
682 527
424 787
148 482
817 528
542 283
57 107
651 649
108 626
345 160
769 710
955 767
404 565
913 457
947 703
434 470
623 290
4 964
905 278
416 932
184 320
661 690
187 867
761 586
764 331
360 513
941 844
723 642
189 34
645 952
389 544
947 970
325 930
476 562
259 460
978 972
728 219
363 128
611 166
761 277
501 18
467 158
947 232
17 147
734 32
899 13
442 480
64 408
687 234
176 572
749 605
328 455
37 289
421 578
282 440
581 292
73 275
838 157
162 594
658 559
71 518
757 483
315 48
135 869
796 673
672 639
547 381
344 736
733 26
550 624
555 806
166 873
775 789
153 62
870 157
876 518
400 546
789 137
558 462
391 925
146 864
492 280
381 26
854 976
345 704
806 855
992 361
120 404
708 125
953 370
794 578
815 860
228 154
781 924
929 233
343 187
716 248
78 444
281 734
74 883
207 957
885 933
856 897
910 354
933 515
826 437
129 149
38 489
820 139
915 121
848 180
584 590
792 539
190 790
636 802
798 593
378 30
587 494
956 697
830 838
652 674
450 530
749 398
967 475
978 944
26 293
174 853
696 469
861 997
737 703
361 579
477 109
266 598
875 102
841 218
872 791
645 416
735 754
278 977
67 926
676 236
624 309
842 244
789 459
906 617
559 305
642 63
112 616
497 766
421 856
650 530
258 927
653 413
698 774
609 417
439 868
922 334
780 864
531 337
422 537
884 156
619 854
558 341
119 609
300 445
546 293
842 648
312 403
955 379
413 33
980 798
696 633
518 171
16 667
349 825
542 216
346 68
