100010000010000000000101000000000000000000100000000000000000100000110001000100000100001100000
000000000000000000000000000000000000000000000000000000000000000000010000000000000000001000000
111111111111111111111010111111111111111111111111111111111111011111111110111111111111111011111
111111111111101110111111111111111111111111111111111111111111111110111111111111111111111111101
000010000000000000000101000000000000000000000000000000000000100000000001000000000000000100000
111111111111111111111111111111110111111111111111111111111111111011111111111111111110111111111
001100000000001100011000110100000011001101001110011000001101011010000110111001111000010000100
000000000000000000000000000011000000000010000001100000000000000000000000000000000000000000000
011111111111111111111111111111111111111111011111111111111111111111101111111111111011110111111
111111111111111111111111111100111111111101111110011101111111111111111111111101111111111111111
000000000000000000000000000000000001000001001000000000000000000000000100000000001000010000000
111111111111111110111111111111111111111111111111111111111111111111111111111111111111111111101
000000000000000000000000000000000001000001001000000000001000000000000100000000001000010000000
000000000000000000100000001011101000000010000001100010100000000100000000000010000011100001000
111111111110111111111101111111111111111111111111111111111111111111111111111111111111111111111
001100000000011101111000111111101011101111001111111010101101011111000110111011111011110001111
111111111111111111111111111101111111111111111110011111111111111111111111111111111111111111111
111111111111111011111111111011111111110111111111111111111111111111111111101111111111111111111
111111101111111111111111111111111111101111111111111111111111111111110111111111111111111111111
000000000000000000000100000000000000000000000000000000000000100000000001000000000000000000000
001000000000000000000000000000000010000000000000000000000100000000000000000000000000000000000
111111011011111111111111111111111011111111101111111111101101111111111111111111111111111101111
011101111101111111111010111111111111111111011111111111111111011111001110111111111011110011111
111111111111111111101111111111111111111111111011111111111111111111111111111111111111111111111
001000000000001000010000100000000011000101001100011000001100000010000110101001101000010000000
000000000000000000000000000000000000000000000010000000000000001000000000000000000000000000100
001100000000001100011000100100000011001101001110011000001101011010000110111001111000010000100
010000010000100010000000000000000000010000000000000000000000000000001000000000000000000000000
110111111111110111101111011111111101111111111011111111111011111101111111011111111111111111111
001000000000001000010000100000000010000000000100001000000100000010000000100000000000000000000
101010000100100101110100110001010100101100111101010001010101011000110001110100001010011010011
101110101111011101111111111111111111101111111111111110111111111111110111111111111111111111111
000000000000000000000000000000000000000000100000000000000000000000010000000000000100001000000
111111111111111111111111111100111111111101111110011111111111111111111111111101111111111111111
110111111111111111101111011111111101111111111011111111111011111111111111011111111111111111111
111111111111111111111111111111111111111111111111111111111111011111111110111111111111111111111
000000000000000000000000000000000001000001001000000000000000000000000000000000001000010000000
111111111111111111111111111111111110111111111111111111111111111111111111111111110111111111111
111111011011111111111111111111111111111111111111111111111111111111111111111111111111111111111
111011111111111011110111111011111111110111111111111111111110101111111111101111111111111111111
110111111111110111101111011111111101111011111011110111111011111101111111011111111111111111111
111111110111111111111111111111111111111111111111111011111111111111111111111111111111111111111
111111111111101111111111111111111111111111111111111111111111111110111111111111111111111111111
000000000000000000000000000000101000000000000000000000000000000100000000000000000001000000000
001100000000011101111000111111101011001111001111111010101101011111000110111011111011110001110
000000000000000000010000100000000000000000000100000000000000000000000000000000000000000000000
110111111111111111101111011111111101111111111011111111111011111111111111111111111111111111111
100010101111000000000111000000000100000000110000000100010010100000110001000100000100001110000
000100000000000100001000000100000000001000000000000000000000010000000000010000000000000000000
111111111111111111111111111111111111111111011111111111111111111111101111111111111111110111111
100010000000000000000101000000000000000000100000000000000000100000110001000000000100001100000
111111011011111111111111111111111111111111101111111111101101111111111111111111111111111111111
111111111111111011111111111011111111110111111111111111111111111111111111111111111111111111111
000000100100000000000000000000000000000000010000000000000010000000000000000000000000000000000
001100000000001100111000111111101011001111001111111010101101011110000110111011111011110001100
000000000000000000000000000000000000000000000010000000000000001000000000000000000000000000000
111111111111111111111111111100111111111101111110011101111111111111111111111101111101111111111
110111111111110111101111011111111100111010110011110111110011111101111001011111010111101111111
000000000000000000000000000000000010000000000000000000000100000000000000000000000000000000000
110111111111111111101111011111111101111111111011111111111011111101111111011111111111111111111
000000010000000000000000000000000000000000000000000000000000000000001000000000000000000000000
111111111111111111111111111111111111111111111101111111111111110111111111111111101111111111011
000000000000000000000000000011101000000010000001100010000000000100000000000010000011100000000
000000000000000000000100000000000000000000000000000000000000100000000001000000000000000100000
000000000000000000000000000000000000000000000000000000000000000000000000001001000000000000000
000000000000000000000000000010000000000000000000100000000000000000000000000000000000000000000
000001000000000000000000000000000000000000000000000001000000000000000000000000000000000000000
111111111111111111111111111111010111111111111111111111111111111011111111111111111110011111111
111111111111111111111111111111111111111111101111111111111101111111111111111111111111111111111
100010100111000000000111000000000100000000110000000000010010100000110001000100000100001110000
000000000000000000000000000100000000001000000000000000000000000000000000000000000000000000000
000000100100000000000000000000000100000000010000000000010010000000000000000000000000000000000
000000000000000000000000000000001000000000000000000000000000000100000000000000000000000000000
000000000000000000000000001011101000000010000001100010100000000100000000000010000011100000000
111111111111111111111111111110111111111101111111111111111111111111111111111111111111111111111
000000000000000000000000001011101000000010000001100010000000000100000000000010000011100000000
101111101111111111111111111111111111101111111111111111111111111111110111111111111111111111111
111111111111111011110111111011111111110111111111111111111111101111111111101111111111111111111
001100000000001100011000100100000011001101001100011000001101010010000110111001101000010000000
101110101111011101111111111111101111101111111111111110111111111111110111111111111111111111111
000000000000000000000000000000000001000000000000000000000000000000000000000000001000010000000
001100000000011101111000111111101011101111001111111010101101011111000110111011111011110001110
101111101111011111111111111111111111101111111111111111111111111111110111111111111111111111111
111101111111111111111010111111111111111111111111111111111111011111011110111111111111111011111
111111111111111111111111111111111110111111110111111111111111111111111111111111110111101111111
000000000000000000100000000000000000000000000000000000000000000000000000000000000000000001000
111111111111111111110111111111111111111111111111111111111111101111111111111111111111111111111
110111111111110111101111011111111100111010110011110111110011111101111011011111010111101111111
111111011010111111111101111111111011111111101111111111101101111111111111111111111111111101111
001000000000001000010000100000000010000100000100001000000100000010000000100000100000000000000
111111111111111111111111111111111111111111111111101111111111111111111111110110111111111111111
