2507.4659645
2620.5500245
2691.5871345
2847.6882445
3010.7515745
3124.7945045
3211.8265345
3339.8851145
3454.9120545
3585.9525445
3714.0475045
3842.1060845
4005.1694145
4161.2705245
4274.3545845
4361.3866145
4547.4659245
4650.4751145
4721.5122245
4907.5915345
5035.6864945
5134.7549045
5248.7978345
5361.8818945
5498.9408045
5655.0419145
5818.1052445
5965.1736545
6128.2369845
6284.3380945
6397.4221545
6510.5062145
6638.5647945
6751.6488545
6808.6703145
6994.7496245
7122.8445845
7237.8715245
7350.9555845
7479.0141645
7578.0825745
7706.1775345
7853.2459445
7940.2779745
8043.2871645
8142.3555745
8289.4239845
8392.4331745
8548.5342845
8649.5819645
8748.6503745
8861.7344345
8990.7770245
9103.8610845
9289.9403945
9403.9833245
9517.0673845
9673.1684945
9744.2056045
9857.2896645
9914.3111245
10061.3795345
10132.4166445
10269.4755545
10425.5766645
10496.6137745
10599.6229645
10727.7179245
10856.7605145
10984.8190945
11071.8511245
11170.9195345
11299.9621245
11447.0305345
11584.0894445
11712.1480245
11840.2066045
11996.3077145
12067.3448245
12124.3662845
12255.4067745
12441.4860845
12569.5446645
12666.5974245
12822.6985345
12937.7254745
13040.7346645
13127.7666945
13256.8092845
13442.8885945
13541.9570045
13639.0097645
