0 -> 1,344,529,96
1 -> 2,845
10 -> 13,138,1965,2,31,48
100 -> 101
1000 -> 1001
1001 -> 1002,2507
1002 -> 464
1003 -> 662
1004 -> 1005
1005 -> 1003,1421,2259,2614
1006 -> 759
1007 -> 1008
1008 -> 1006
1009 -> 1010
101 -> 102,1258
1010 -> 1011,1351,2484,2752
1011 -> 434
1012 -> 43
1013 -> 1014,1094
1014 -> 1012,1426
1015 -> 1017
1016 -> 1015
1017 -> 1216,60
1018 -> 1019
1019 -> 1020
102 -> 269,56
1020 -> 728
1021 -> 1022,2557
1022 -> 1023,1435
1023 -> 2788,557
1024 -> 1079,336
1025 -> 1024
1026 -> 1025,1301
1027 -> 1028
1028 -> 981
1029 -> 1027,1278,1417
103 -> 6,736
1030 -> 1032,2580
1031 -> 1030
1032 -> 158
1033 -> 2069,722
1034 -> 1035
1035 -> 1033
1036 -> 1038
1037 -> 1036,1334
1038 -> 664
1039 -> 111
104 -> 103,1317,1919
1040 -> 1041
1041 -> 1039,2974
1042 -> 1780,746
1043 -> 1042
1044 -> 1043
1045 -> 1047,1100,1608
1046 -> 1045,2774
1047 -> 214
1048 -> 1049
1049 -> 562
105 -> 104,1570,245
1050 -> 1048,1975
1051 -> 1229,1434,782
1052 -> 1051
1053 -> 1052
1054 -> 1055
1055 -> 971
1056 -> 1054
1057 -> 1059
1058 -> 587
1059 -> 1058
106 -> 59
1060 -> 169
1061 -> 1062,2701
1062 -> 1060,1773
1063 -> 475
1064 -> 1063,1085
1065 -> 1064
1066 -> 1994,2824,757
1067 -> 1068,1176,1231
1068 -> 1066
1069 -> 1178,1630,607
107 -> 106
1070 -> 1069,1282
1071 -> 1070
1072 -> 1073
1073 -> 1074
1074 -> 235
1075 -> 1076
1076 -> 204
1077 -> 1075,2624
1078 -> 1024,1240
1079 -> 1080,2600
108 -> 107
1080 -> 1078,1117
1081 -> 1083,1933
1082 -> 1843,84
1083 -> 1082
1084 -> 1086,2835
1085 -> 1084
1086 -> 1064
1087 -> 1214,1222,2132,306
1088 -> 1087
1089 -> 1088
109 -> 258,70
1090 -> 586
1091 -> 1090,1543
1092 -> 1091,1160
1093 -> 1095
1094 -> 1093
1095 -> 1013,1347
1096 -> 1097,2966
1097 -> 1098
1098 -> 1281,459
1099 -> 1045
11 -> 10,18
110 -> 111,2280
1100 -> 1101
1101 -> 1099,2028
1102 -> 1103
1103 -> 189
1104 -> 1102
1105 -> 1106
1106 -> 1265,361
1107 -> 1105
1108 -> 1109
1109 -> 590
111 -> 1040,109,2217,428,722
1110 -> 1108
1111 -> 1113
1112 -> 1111,2414
1113 -> 288
1114 -> 1115
1115 -> 1410,527
1116 -> 1114
1117 -> 1119,1707
1118 -> 1080
1119 -> 1118
112 -> 148,446,89
1120 -> 690
1121 -> 1120
1122 -> 1121
1123 -> 25
1124 -> 1123
1125 -> 1124,1558
1126 -> 1128,1839,2431
1127 -> 426
1128 -> 1127
1129 -> 1130
113 -> 112
1130 -> 1131,2963
1131 -> 511
1132 -> 1590,1894,2347,953
1133 -> 1134
1134 -> 1132
1135 -> 1136
1136 -> 26
1137 -> 1135
1138 -> 649
1139 -> 1138
114 -> 113,1686
1140 -> 1139,1745
1141 -> 639
1142 -> 1143
1143 -> 1141
1144 -> 1146
1145 -> 1144
1146 -> 2921,573
1147 -> 2925,524
1148 -> 1149
1149 -> 1147
115 -> 117
1150 -> 1151
1151 -> 1152
1152 -> 1763,2316,395
1153 -> 332
1154 -> 1153
1155 -> 1154
1156 -> 1158,1470
1157 -> 1156
1158 -> 2596,590
1159 -> 1161,1750
116 -> 115
1160 -> 1159
1161 -> 1092
1162 -> 1163
1163 -> 222
1164 -> 1162
1165 -> 1166
1166 -> 1167
1167 -> 240
1168 -> 1170
1169 -> 1168,2205
117 -> 89
1170 -> 410
1171 -> 1173
1172 -> 547
1173 -> 1172
1174 -> 1175
1175 -> 1067,2980
1176 -> 1174
1177 -> 1179
1178 -> 1177,1445
1179 -> 1069
118 -> 120,170
1180 -> 1181
1181 -> 137,1967
1182 -> 1180
1183 -> 801
1184 -> 1183
1185 -> 1184
1186 -> 1188,2177
1187 -> 177
1188 -> 1187,2034,2781
1189 -> 1191,1405
119 -> 22
1190 -> 143
1191 -> 1190
1192 -> 406
1193 -> 1192
1194 -> 1193,2287
1195 -> 1197
1196 -> 1863,262
1197 -> 1196,1628
1198 -> 1200
1199 -> 765
12 -> 11,1737,1828,2189,327
120 -> 119,1400
1200 -> 1199
1201 -> 1203,1554
1202 -> 1201
1203 -> 2403,399
1204 -> 1206
1205 -> 1204
1206 -> 963
1207 -> 1208,1541
1208 -> 552
1209 -> 1207
121 -> 2060,51
1210 -> 1323,987
1211 -> 1210
1212 -> 1211,1601
1213 -> 1087
1214 -> 1215
1215 -> 1213
1216 -> 1218
1217 -> 1017
1218 -> 1217
1219 -> 1344,1778,725
122 -> 121,456,569
1220 -> 1219,2970
1221 -> 1220,1890
1222 -> 1223
1223 -> 1224,1755,1938,2322
1224 -> 1087,1492
1225 -> 2238,2629,804
1226 -> 1227,2515
1227 -> 1225
1228 -> 1051
1229 -> 1230,2111
123 -> 122,541
1230 -> 1228,1565
1231 -> 1232
1232 -> 1233,1633
1233 -> 1067
1234 -> 439
1235 -> 1234
1236 -> 1235
1237 -> 206
1238 -> 1239,1389
1239 -> 1237
124 -> 95
1240 -> 1241
1241 -> 1242,1880
1242 -> 1078
1243 -> 1245
1244 -> 70
1245 -> 1244,2388
1246 -> 1247
1247 -> 1721,2475,554
1248 -> 1246
1249 -> 1250,2313
125 -> 124
1250 -> 1251
1251 -> 135,2791
1252 -> 1254
1253 -> 905
1254 -> 1253,2086,2581
1255 -> 1257
1256 -> 1255
1257 -> 261,2657
1258 -> 1260
1259 -> 101
126 -> 125
1260 -> 1259
1261 -> 1431,177
1262 -> 1261
1263 -> 1262
1264 -> 1106
1265 -> 1266
1266 -> 1264
1267 -> 1269,1599
1268 -> 934
1269 -> 1268
127 -> 803,85
1270 -> 887
1271 -> 1272
1272 -> 1270
1273 -> 1275
1274 -> 1273,1341
1275 -> 329
1276 -> 1277
1277 -> 1029
1278 -> 1276
1279 -> 1280,2593
128 -> 129,328
1280 -> 1098
1281 -> 1279
1282 -> 1283
1283 -> 1284
1284 -> 1070
1285 -> 595
1286 -> 1287
1287 -> 1285
1288 -> 843
1289 -> 1290,1337,1391,1871
129 -> 127
1290 -> 1288
1291 -> 1292
1292 -> 1293
1293 -> 52
1294 -> 740
1295 -> 1296
1296 -> 1294
1297 -> 1299,2668
1298 -> 253
1299 -> 1298
13 -> 15,20,2913
130 -> 131,188
1300 -> 1026
1301 -> 1302
1302 -> 1300
1303 -> 1304
1304 -> 1305,1361,1683
1305 -> 795
1306 -> 1307
1307 -> 1308
1308 -> 869
1309 -> 1310
131 -> 132
1310 -> 871
1311 -> 1309
1312 -> 880
1313 -> 1314
1314 -> 1312,1836
1315 -> 1316,1847
1316 -> 104,1704
1317 -> 1315,1320
1318 -> 1317
1319 -> 1318
132 -> 2108,50
1320 -> 1319
1321 -> 1210
1322 -> 1321
1323 -> 1322,2269
1324 -> 1325,1669
1325 -> 821
1326 -> 1324,1441,1534,2762
1327 -> 1329
1328 -> 1327
1329 -> 392
133 -> 135
1330 -> 384
1331 -> 1330
1332 -> 1331,1817,2020
1333 -> 1037
1334 -> 1335,2447
1335 -> 1333
1336 -> 1289,1453,1815
1337 -> 1338
1338 -> 1336
1339 -> 1274
134 -> 133,1941,2715
1340 -> 1339,1583
1341 -> 1340
1342 -> 1219
1343 -> 1342
1344 -> 1343
1345 -> 1095
1346 -> 1345,1831
1347 -> 1346
1348 -> 538
1349 -> 1348
135 -> 1249,87
1350 -> 1349
1351 -> 1352
1352 -> 1353
1353 -> 1010
1354 -> 1356,2222
1355 -> 1354
1356 -> 452
1357 -> 1358,1928
1358 -> 1359
1359 -> 1447,297
136 -> 137,405
1360 -> 1304
1361 -> 1362
1362 -> 1360
1363 -> 1364
1364 -> 932
1365 -> 1363
1366 -> 2281,516
1367 -> 1366
1368 -> 1367,2556,2890
1369 -> 692
137 -> 10,1182,460
1370 -> 1369
1371 -> 1370,1996
1372 -> 1373,2410,2607
1373 -> 2416,2785,700
1374 -> 1372
1375 -> 289
1376 -> 1377,2149
1377 -> 1375
1378 -> 92
1379 -> 1378
138 -> 136,144,2812
1380 -> 1379
1381 -> 1383
1382 -> 970
1383 -> 1382,2712
1384 -> 950
1385 -> 1386,2634
1386 -> 1384
1387 -> 1388
1388 -> 1238
1389 -> 1387
139 -> 236,38
1390 -> 1289,1567
1391 -> 1392,2025
1392 -> 1390,1425
1393 -> 1398,344
1394 -> 1393,2155
1395 -> 1394,1806
1396 -> 1393
1397 -> 1396
1398 -> 1397,1952
1399 -> 120,1749
14 -> 10,153,2535,27,391
140 -> 141
1400 -> 1401
1401 -> 1399
1402 -> 1950,843
1403 -> 1404
1404 -> 1402
1405 -> 1406
1406 -> 1407
1407 -> 1189,1819
1408 -> 1115
1409 -> 1408
141 -> 139
1410 -> 1409
1411 -> 1413
1412 -> 539
1413 -> 1412
1414 -> 1416
1415 -> 525
1416 -> 1415
1417 -> 1419
1418 -> 1029
1419 -> 1418
142 -> 138
1420 -> 1005
1421 -> 1422,1529,2847
1422 -> 1420
1423 -> 1424,2420
1424 -> 1392
1425 -> 1423,2879
1426 -> 1428
1427 -> 1014
1428 -> 1427
1429 -> 1261
143 -> 1189,142
1430 -> 1429
1431 -> 1430
1432 -> 1051
1433 -> 1432
1434 -> 1433,1739
1435 -> 1437,1942
1436 -> 1022
1437 -> 1436,1617
1438 -> 766
1439 -> 1438
144 -> 143,221,272
1440 -> 1439
1441 -> 1443
1442 -> 1326
1443 -> 1442
1444 -> 1446
1445 -> 1444,2720
1446 -> 1178,1803
1447 -> 1448
1448 -> 1449
1449 -> 1359
145 -> 556,98
1450 -> 1451
1451 -> 199
1452 -> 1450,1973,2096,2831
1453 -> 1454
1454 -> 1455,2185
1455 -> 1336
1456 -> 755
1457 -> 1456
1458 -> 1457
1459 -> 27,2887
146 -> 145,464,999
1460 -> 1459
1461 -> 1460,2661
1462 -> 550
1463 -> 1464
1464 -> 1462
1465 -> 1466,1580
1466 -> 1467
1467 -> 81
1468 -> 1156
1469 -> 1468
147 -> 146,584
1470 -> 1469,1512,2200
1471 -> 171
1472 -> 1471
1473 -> 1472
1474 -> 1475
1475 -> 2457,630
1476 -> 1474
1477 -> 1478
1478 -> 1479,2820
1479 -> 35
148 -> 149,299,660
1480 -> 848
1481 -> 1480
1482 -> 1481
1483 -> 1485
1484 -> 444
1485 -> 1484
1486 -> 1487
1487 -> 1488,2727
1488 -> 191
1489 -> 1490
149 -> 150
1490 -> 741
1491 -> 1489
1492 -> 1494
1493 -> 1224
1494 -> 1493
1495 -> 1496
1496 -> 1497,1699
1497 -> 490
1498 -> 1500
1499 -> 581
15 -> 14,2011
150 -> 112
1500 -> 1499,2681
1501 -> 1503
1502 -> 732
1503 -> 1502
1504 -> 1505
1505 -> 64
1506 -> 1504
1507 -> 1509
1508 -> 28
1509 -> 1508
151 -> 152,1563,483,820
1510 -> 1511
1511 -> 1470
1512 -> 1510
1513 -> 1514
1514 -> 1515
1515 -> 939
1516 -> 827
1517 -> 1518
1518 -> 1516,2649
1519 -> 1520
152 -> 14,2246,288,295
1520 -> 50
1521 -> 1519
1522 -> 1524,2898
1523 -> 546
1524 -> 1523
1525 -> 1526
1526 -> 1527
1527 -> 291
1528 -> 1530
1529 -> 1528
153 -> 151,767
1530 -> 1421
1531 -> 2442,861
1532 -> 1533
1533 -> 1531
1534 -> 1536
1535 -> 1326
1536 -> 1535
1537 -> 302
1538 -> 1539,2817
1539 -> 1537,2552
154 -> 155
1540 -> 1207
1541 -> 1542
1542 -> 1540
1543 -> 1544
1544 -> 1545,1555
1545 -> 1091
1546 -> 1547
1547 -> 57
1548 -> 1546
1549 -> 1551
155 -> 156,900
1550 -> 297
1551 -> 1550
1552 -> 1553
1553 -> 1201
1554 -> 1552
1555 -> 1557
1556 -> 1544,1667,2091
1557 -> 1556
1558 -> 1559,2379
1559 -> 1560
156 -> 17
1560 -> 1125
1561 -> 1562
1562 -> 151,1577
1563 -> 1561
1564 -> 1566
1565 -> 1564
1566 -> 1230
1567 -> 1569
1568 -> 1390
1569 -> 1568
157 -> 158
1570 -> 1571
1571 -> 1572
1572 -> 105,2468,3000
1573 -> 511
1574 -> 1573
1575 -> 1574
1576 -> 1578,2804
1577 -> 1576
1578 -> 1562
1579 -> 1465
158 -> 1031,284,442,72
1580 -> 1581,1766,1986,2332
1581 -> 1579,2519
1582 -> 1584
1583 -> 1582
1584 -> 1340
1585 -> 1587
1586 -> 361
1587 -> 1586
1588 -> 1589
1589 -> 1132
159 -> 157
1590 -> 1588
1591 -> 818
1592 -> 1593
1593 -> 1591,2584
1594 -> 1596
1595 -> 1594
1596 -> 825
1597 -> 1598
1598 -> 1267
1599 -> 1597
16 -> 17,179,193
160 -> 45
1600 -> 1212
1601 -> 1602
1602 -> 1600
1603 -> 1604
1604 -> 778
1605 -> 1603
1606 -> 1607
1607 -> 1045
1608 -> 1606
1609 -> 1610,2383
161 -> 162,2491
1610 -> 1734,501
1611 -> 1609
1612 -> 1613
1613 -> 1614,1875,1930
1614 -> 432
1615 -> 1616
1616 -> 1437
1617 -> 1615
1618 -> 1620
1619 -> 892
162 -> 160
1620 -> 1619
1621 -> 1622
1622 -> 1623
1623 -> 181
1624 -> 1626
1625 -> 1624
1626 -> 483
1627 -> 1629
1628 -> 1627
1629 -> 1197,2340
163 -> 94
1630 -> 1632
1631 -> 1069
1632 -> 1631,2067
1633 -> 1634
1634 -> 1635
1635 -> 1232
1636 -> 239
1637 -> 1636
1638 -> 1637
1639 -> 511
164 -> 165
1640 -> 1641
1641 -> 1639
1642 -> 254
1643 -> 1642
1644 -> 1643
1645 -> 1646
1646 -> 532
1647 -> 1645
1648 -> 1650,2184
1649 -> 1648
165 -> 163,200,2612
1650 -> 657
1651 -> 1652
1652 -> 1653
1653 -> 272
1654 -> 1656
1655 -> 1654
1656 -> 542
1657 -> 1658
1658 -> 1659
1659 -> 433
166 -> 168,374
1660 -> 1662
1661 -> 1660
1662 -> 287
1663 -> 57
1664 -> 1665
1665 -> 1663
1666 -> 1556
1667 -> 1668
1668 -> 1666
1669 -> 1671
167 -> 42,639,841
1670 -> 1324
1671 -> 1670,2764
1672 -> 1673
1673 -> 1674
1674 -> 665
1675 -> 1677,2212
1676 -> 1675,2883
1677 -> 527
1678 -> 1680
1679 -> 2523,505
168 -> 167
1680 -> 1679
1681 -> 1304
1682 -> 1681,2641
1683 -> 1682
1684 -> 114
1685 -> 1684
1686 -> 1685
1687 -> 714
1688 -> 1689
1689 -> 1687
169 -> 1061,171,2671
1690 -> 1692,2296
1691 -> 1690
1692 -> 250
1693 -> 555
1694 -> 1695
1695 -> 1693
1696 -> 1697
1697 -> 910
1698 -> 1696
1699 -> 1700,2263,2731
17 -> 11,154
170 -> 169
1700 -> 1701
1701 -> 1496
1702 -> 1316
1703 -> 1702
1704 -> 1703
1705 -> 1117
1706 -> 1705
1707 -> 1706
1708 -> 411
1709 -> 1708,1903
171 -> 118,1473,2718
1710 -> 1709
1711 -> 1713
1712 -> 1711
1713 -> 971
1714 -> 1716
1715 -> 567
1716 -> 1715
1717 -> 1719,1728
1718 -> 1717
1719 -> 30
172 -> 777,86
1720 -> 1247
1721 -> 1722
1722 -> 1720
1723 -> 1725
1724 -> 751
1725 -> 1724,2064
1726 -> 1717
1727 -> 1726
1728 -> 1727
1729 -> 8
173 -> 172
1730 -> 1731
1731 -> 1729
1732 -> 1733,2454
1733 -> 1610
1734 -> 1732,2444
1735 -> 12,2120
1736 -> 1735
1737 -> 1736
1738 -> 1434
1739 -> 1740
174 -> 173,625
1740 -> 1738
1741 -> 1742
1742 -> 1743
1743 -> 755
1744 -> 1140,2158
1745 -> 1746,2541
1746 -> 1744,2254,2350
1747 -> 1748
1748 -> 1399
1749 -> 1747
175 -> 65
1750 -> 1751,2035,2124
1751 -> 1752
1752 -> 1159
1753 -> 1223
1754 -> 1753
1755 -> 1754
1756 -> 1758
1757 -> 1756
1758 -> 2772,420
1759 -> 1760
176 -> 177
1760 -> 1761
1761 -> 692
1762 -> 1764
1763 -> 1762
1764 -> 1152
1765 -> 1580
1766 -> 1767,2082
1767 -> 1765
1768 -> 87
1769 -> 1770
177 -> 1186,1263,175,275
1770 -> 1768,2317
1771 -> 1772
1772 -> 1062
1773 -> 1771
1774 -> 1776
1775 -> 447
1776 -> 1775
1777 -> 1219
1778 -> 1779
1779 -> 1777
178 -> 16,223
1780 -> 1782,2294
1781 -> 1042
1782 -> 1781
1783 -> 1785
1784 -> 1783
1785 -> 632
1786 -> 216
1787 -> 1786
1788 -> 1787
1789 -> 1790
179 -> 180,197,969
1790 -> 1791,2497
1791 -> 674
1792 -> 1794
1793 -> 2560,87
1794 -> 1793
1795 -> 1797,2302
1796 -> 1795
1797 -> 763
1798 -> 1800
1799 -> 1798
18 -> 16,2199,36,78
180 -> 178,248
1800 -> 634
1801 -> 1802
1802 -> 1446
1803 -> 1801
1804 -> 1805
1805 -> 1395
1806 -> 1804
1807 -> 1808
1808 -> 83
1809 -> 1807
181 -> 1621,182
1810 -> 1811
1811 -> 1812
1812 -> 408
1813 -> 1814
1814 -> 1336
1815 -> 1813
1816 -> 1332
1817 -> 1818
1818 -> 1816
1819 -> 1821
182 -> 50
1820 -> 1407
1821 -> 1820,2477
1822 -> 1824
1823 -> 1822
1824 -> 821
1825 -> 1826,2608
1826 -> 334
1827 -> 1825
1828 -> 1830
1829 -> 12
183 -> 181
1830 -> 1829
1831 -> 1832
1832 -> 1833,2146
1833 -> 1346
1834 -> 1835
1835 -> 1314
1836 -> 1834
1837 -> 1838
1838 -> 1126
1839 -> 1837,1957
184 -> 1854,35
1840 -> 1842
1841 -> 680
1842 -> 1841
1843 -> 1845,2291
1844 -> 1082
1845 -> 1844,2861
1846 -> 1315
1847 -> 1848
1848 -> 1846
1849 -> 1851
185 -> 186,421,507
1850 -> 589
1851 -> 1850
1852 -> 184
1853 -> 1852
1854 -> 1853
1855 -> 1856
1856 -> 2636,667
1857 -> 1855
1858 -> 1860
1859 -> 1858,2363
186 -> 184,450
1860 -> 209
1861 -> 1196
1862 -> 1861
1863 -> 1862
1864 -> 1866
1865 -> 1864
1866 -> 2169,320
1867 -> 1869
1868 -> 1867,2308
1869 -> 745
187 -> 130,2251
1870 -> 1872
1871 -> 1870
1872 -> 1289
1873 -> 1874
1874 -> 1613
1875 -> 1873
1876 -> 1877
1877 -> 377
1878 -> 1876
1879 -> 1881
188 -> 189
1880 -> 1879
1881 -> 1241
1882 -> 1884,2228
1883 -> 300
1884 -> 1883
1885 -> 864
1886 -> 1887,2617
1887 -> 1885
1888 -> 1889
1889 -> 1221
189 -> 1104,187,2480,413
1890 -> 1888
1891 -> 742
1892 -> 1891
1893 -> 1892
1894 -> 1896,2589,2910
1895 -> 1132
1896 -> 1895,2170,2355
1897 -> 2638,693
1898 -> 1897
1899 -> 1898,2000
19 -> 21,259,97
190 -> 191,211
1900 -> 641
1901 -> 1902,2085
1902 -> 1900
1903 -> 1904,2994
1904 -> 1905,2728
1905 -> 1709,1908
1906 -> 1905
1907 -> 1906
1908 -> 1907
1909 -> 2463,75
191 -> 1486,40,551
1910 -> 1909
1911 -> 1910
1912 -> 1914
1913 -> 1912,2359
1914 -> 484
1915 -> 1917
1916 -> 1915
1917 -> 607
1918 -> 1920
1919 -> 1918
192 -> 190,2406
1920 -> 104
1921 -> 1922
1922 -> 635
1923 -> 1921
1924 -> 2029,576
1925 -> 1924
1926 -> 1925
1927 -> 1929
1928 -> 1927
1929 -> 1357
193 -> 195
1930 -> 1932,2165
1931 -> 1613,2276
1932 -> 1931
1933 -> 1934
1934 -> 1935,2494
1935 -> 1081
1936 -> 1223
1937 -> 1936
1938 -> 1937
1939 -> 134
194 -> 16,368
1940 -> 1939
1941 -> 1940
1942 -> 1944
1943 -> 1435
1944 -> 1943
1945 -> 1947
1946 -> 1945
1947 -> 548
1948 -> 1949
1949 -> 1402
195 -> 194
1950 -> 1948
1951 -> 1398
1952 -> 1953
1953 -> 1951
1954 -> 1955
1955 -> 1956
1956 -> 765
1957 -> 1958
1958 -> 1959,2722
1959 -> 1839
196 -> 198
1960 -> 1962
1961 -> 818
1962 -> 1961
1963 -> 1964
1964 -> 10
1965 -> 1963
1966 -> 1968
1967 -> 1966
1968 -> 1181
1969 -> 1971
197 -> 196
1970 -> 658
1971 -> 1970
1972 -> 1974
1973 -> 1972
1974 -> 1452,2343,2933
1975 -> 1976
1976 -> 1977
1977 -> 1050
1978 -> 313
1979 -> 1978
198 -> 179
1980 -> 1979,2397
1981 -> 1983
1982 -> 1981
1983 -> 673
1984 -> 1580
1985 -> 1984
1986 -> 1985
1987 -> 1988
1988 -> 26
1989 -> 1987
199 -> 1452,201,876
1990 -> 1991
1991 -> 1992,2429,2930
1992 -> 861
1993 -> 1995
1994 -> 1993
1995 -> 1066
1996 -> 1998
1997 -> 1371,2226,2971
1998 -> 1997
1999 -> 1899
2 -> 12,22,3,642,8
20 -> 19,55
200 -> 199
2000 -> 2001
2001 -> 1999
2002 -> 723
2003 -> 2002
2004 -> 2003
2005 -> 2007
2006 -> 451
2007 -> 2006
2008 -> 442
2009 -> 2010
201 -> 165
2010 -> 2008
2011 -> 2012
2012 -> 2013
2013 -> 15
2014 -> 668
2015 -> 2016
2016 -> 2014
2017 -> 911
2018 -> 2019
2019 -> 2017
202 -> 63,683
2020 -> 2021
2021 -> 2022
2022 -> 1332
2023 -> 2024
2024 -> 1391,2126
2025 -> 2023,2234
2026 -> 1101
2027 -> 2026
2028 -> 2027
2029 -> 2031,2760
203 -> 204,410
2030 -> 1924
2031 -> 2030
2032 -> 2033
2033 -> 1188
2034 -> 2032
2035 -> 2036,2894
2036 -> 2037
2037 -> 1750
2038 -> 2040
2039 -> 738
204 -> 1077,202,263
2040 -> 2039
2041 -> 458
2042 -> 2041
2043 -> 2042
2044 -> 2046
2045 -> 2365,653
2046 -> 2045
2047 -> 2049,2128
2048 -> 2047
2049 -> 736
205 -> 207
2050 -> 565
2051 -> 2052
2052 -> 2050,2337
2053 -> 2055,2382
2054 -> 2053
2055 -> 83
2056 -> 2058
2057 -> 932
2058 -> 2057
2059 -> 121
206 -> 1238,205
2060 -> 2061,2620
2061 -> 2059
2062 -> 1725
2063 -> 2062
2064 -> 2063
2065 -> 2066
2066 -> 1632
2067 -> 2065
2068 -> 2070
2069 -> 2068
207 -> 458,5
2070 -> 1033
2071 -> 2073
2072 -> 688
2073 -> 2072
2074 -> 974
2075 -> 2074
2076 -> 2075
2077 -> 2079
2078 -> 2077
2079 -> 321
208 -> 210
2080 -> 2081
2081 -> 1766
2082 -> 2080
2083 -> 2084
2084 -> 1901
2085 -> 2083
2086 -> 2088
2087 -> 1254
2088 -> 2087,2207,2829
2089 -> 1556
209 -> 1859,208
2090 -> 2089,2136
2091 -> 2090
2092 -> 2093
2093 -> 2094
2094 -> 295
2095 -> 2097
2096 -> 2095
2097 -> 1452
2098 -> 2099
2099 -> 811
21 -> 13
210 -> 320,71
2100 -> 2098
2101 -> 2102
2102 -> 558
2103 -> 2101
2104 -> 2106,2118
2105 -> 644
2106 -> 2105
2107 -> 132
2108 -> 2109
2109 -> 2107
211 -> 213
2110 -> 1229
2111 -> 2112
2112 -> 2110,2867
2113 -> 2114
2114 -> 2115
2115 -> 742
2116 -> 2117
2117 -> 2104
2118 -> 2116
2119 -> 1735
212 -> 190
2120 -> 2121
2121 -> 2119
2122 -> 2123
2123 -> 1750
2124 -> 2122
2125 -> 2127
2126 -> 2125
2127 -> 2024
2128 -> 2129
2129 -> 2130
213 -> 212
2130 -> 2047
2131 -> 1087
2132 -> 2133
2133 -> 2131
2134 -> 2090
2135 -> 2134
2136 -> 2135
2137 -> 308
2138 -> 2139
2139 -> 2137
214 -> 1046,216,241,834
2140 -> 2142
2141 -> 291
2142 -> 2141
2143 -> 2145
2144 -> 648
2145 -> 2144
2146 -> 2147
2147 -> 2148
2148 -> 1832
2149 -> 2150
215 -> 62
2150 -> 2151
2151 -> 1376
2152 -> 437
2153 -> 2152
2154 -> 2153
2155 -> 2157
2156 -> 1394
2157 -> 2156
2158 -> 2160
2159 -> 1744
216 -> 1788,215
2160 -> 2159
2161 -> 2163
2162 -> 2161
2163 -> 577
2164 -> 1930
2165 -> 2166
2166 -> 2164
2167 -> 1866
2168 -> 2167
2169 -> 2168
217 -> 219
2170 -> 2172
2171 -> 1896
2172 -> 2171
2173 -> 2175,2436
2174 -> 885
2175 -> 2174
2176 -> 2178
2177 -> 2176
2178 -> 1186
2179 -> 2180
218 -> 48
2180 -> 863
2181 -> 2179
2182 -> 1648
2183 -> 2182
2184 -> 2183
2185 -> 2187
2186 -> 1454
2187 -> 2186
2188 -> 12
2189 -> 2190
219 -> 218,304,634
2190 -> 2188
2191 -> 2193
2192 -> 2191
2193 -> 447
2194 -> 2196
2195 -> 452
2196 -> 2195
2197 -> 2198
2198 -> 18
2199 -> 2197
22 -> 118,23,42
220 -> 144,809
2200 -> 2201
2201 -> 2202,2872
2202 -> 1470
2203 -> 1169
2204 -> 2203
2205 -> 2204
2206 -> 2088
2207 -> 2208
2208 -> 2206,2944
2209 -> 2211
221 -> 222
2210 -> 770
2211 -> 2210
2212 -> 2214
2213 -> 1675
2214 -> 2213
2215 -> 2216,2691
2216 -> 111
2217 -> 2215
2218 -> 2219
2219 -> 684
222 -> 1164,220
2220 -> 2218
2221 -> 1354
2222 -> 2223
2223 -> 2221
2224 -> 1997
2225 -> 2224
2226 -> 2225,2301
2227 -> 1882
2228 -> 2229
2229 -> 2227
223 -> 225,265
2230 -> 643
2231 -> 2232
2232 -> 2230
2233 -> 2235
2234 -> 2233
2235 -> 2025
2236 -> 1225
2237 -> 2236
2238 -> 2237
2239 -> 2241
224 -> 178,826,962
2240 -> 899
2241 -> 2240
2242 -> 796
2243 -> 2244
2244 -> 2242
2245 -> 2247
2246 -> 2245
2247 -> 152
2248 -> 2249,2529
2249 -> 2250
225 -> 224
2250 -> 634
2251 -> 2252
2252 -> 2253
2253 -> 187
2254 -> 2256
2255 -> 1746
2256 -> 2255
2257 -> 2258
2258 -> 1005
2259 -> 2257,2374
226 -> 227,648
2260 -> 2262
2261 -> 2260
2262 -> 530
2263 -> 2265
2264 -> 1699,2591,2675
2265 -> 2264
2266 -> 2268
2267 -> 553
2268 -> 2267,2864
2269 -> 2270
227 -> 80
2270 -> 2271
2271 -> 1323
2272 -> 2274
2273 -> 824
2274 -> 2273
2275 -> 1931
2276 -> 2277
2277 -> 2275
2278 -> 2279
2279 -> 110
228 -> 226,761
2280 -> 2278
2281 -> 2283
2282 -> 1366
2283 -> 2282
2284 -> 2285
2285 -> 2286
2286 -> 410
2287 -> 2288
2288 -> 2289
2289 -> 1194
229 -> 92
2290 -> 1843
2291 -> 2292
2292 -> 2290
2293 -> 2295
2294 -> 2293
2295 -> 1780
2296 -> 2297
2297 -> 2298
2298 -> 1690
2299 -> 2300,2917
23 -> 24,30,364,50
230 -> 231
2300 -> 2226
2301 -> 2299
2302 -> 2304
2303 -> 1795
2304 -> 2303
2305 -> 2306
2306 -> 627
2307 -> 2305
2308 -> 2309
2309 -> 2310
231 -> 229
2310 -> 1868
2311 -> 2312
2312 -> 1249
2313 -> 2311
2314 -> 2315
2315 -> 1152
2316 -> 2314,2995
2317 -> 2318
2318 -> 2319
2319 -> 1770
232 -> 233
2320 -> 2321
2321 -> 1223
2322 -> 2320
2323 -> 2324
2324 -> 262
2325 -> 2323
2326 -> 2328
2327 -> 2326
2328 -> 427
2329 -> 2331
233 -> 27
2330 -> 2329
2331 -> 892
2332 -> 2334
2333 -> 1580
2334 -> 2333
2335 -> 2336,2902
2336 -> 2052
2337 -> 2335
2338 -> 2339,2394
2339 -> 1629
234 -> 232
2340 -> 2338
2341 -> 1974
2342 -> 2341,2650
2343 -> 2342
2344 -> 2345
2345 -> 531
2346 -> 2344
2347 -> 2348
2348 -> 2349
2349 -> 1132
235 -> 1072,139
2350 -> 2352
2351 -> 1746
2352 -> 2351
2353 -> 1896
2354 -> 2353
2355 -> 2354
2356 -> 929
2357 -> 2356
2358 -> 2357
2359 -> 2360
236 -> 237
2360 -> 2361
2361 -> 1913
2362 -> 1859
2363 -> 2364
2364 -> 2362
2365 -> 2366
2366 -> 2367
2367 -> 2045
2368 -> 2370
2369 -> 300
237 -> 235
2370 -> 2369
2371 -> 2372
2372 -> 719
2373 -> 2371
2374 -> 2375
2375 -> 2376
2376 -> 2259
2377 -> 1558
2378 -> 2377
2379 -> 2378
238 -> 50
2380 -> 2381
2381 -> 2053
2382 -> 2380
2383 -> 2385
2384 -> 1609
2385 -> 2384
2386 -> 2387
2387 -> 1245
2388 -> 2386
2389 -> 2391
239 -> 1638,240
2390 -> 2389
2391 -> 246
2392 -> 2338
2393 -> 2392
2394 -> 2393
2395 -> 1980
2396 -> 2395
2397 -> 2396
2398 -> 2400
2399 -> 459
24 -> 2,293
240 -> 1165,238,352
2400 -> 2399
2401 -> 2402
2402 -> 1203,2869
2403 -> 2401
2404 -> 2405
2405 -> 192
2406 -> 2404,2695
2407 -> 823
2408 -> 2407
2409 -> 2408
241 -> 243
2410 -> 2411
2411 -> 2412
2412 -> 1372
2413 -> 1112
2414 -> 2415
2415 -> 2413
2416 -> 2417
2417 -> 2418
2418 -> 1373
2419 -> 1423,2563
242 -> 214,937
2420 -> 2421
2421 -> 2419
2422 -> 2423
2423 -> 2424
2424 -> 677
2425 -> 2427
2426 -> 2425
2427 -> 278
2428 -> 2430
2429 -> 2428
243 -> 242
2430 -> 1991
2431 -> 2432
2432 -> 2433
2433 -> 1126
2434 -> 2173
2435 -> 2434,2987
2436 -> 2435
2437 -> 333
2438 -> 2439
2439 -> 2437
244 -> 105
2440 -> 1531
2441 -> 2440
2442 -> 2441
2443 -> 1734
2444 -> 2445
2445 -> 2443
2446 -> 1334
2447 -> 2448
2448 -> 2446
2449 -> 376
245 -> 246
2450 -> 2449
2451 -> 2450
2452 -> 1732
2453 -> 2452
2454 -> 2453
2455 -> 1475
2456 -> 2455
2457 -> 2456
2458 -> 2459
2459 -> 278
246 -> 2390,244
2460 -> 2458,2664
2461 -> 1909
2462 -> 2461
2463 -> 2462
2464 -> 2466
2465 -> 2464
2466 -> 369
2467 -> 1572
2468 -> 2469
2469 -> 2467
247 -> 249
2470 -> 2471
2471 -> 2472,2951
2472 -> 469
2473 -> 1247
2474 -> 2473
2475 -> 2474,2958
2476 -> 2478
2477 -> 2476
2478 -> 1821
2479 -> 189
248 -> 247
2480 -> 2481
2481 -> 2479
2482 -> 1010
2483 -> 2482
2484 -> 2483
2485 -> 725
2486 -> 2487
2487 -> 2485
2488 -> 2490
2489 -> 407
249 -> 180,301
2490 -> 2489
2491 -> 2492
2492 -> 2493
2493 -> 161,2512
2494 -> 2495
2495 -> 2496
2496 -> 1934,2627
2497 -> 2499
2498 -> 1790
2499 -> 2498
25 -> 1125,26,45
250 -> 1691,251
2500 -> 2501
2501 -> 800
2502 -> 2500
2503 -> 620
2504 -> 2505
2505 -> 2503
2506 -> 1001
2507 -> 2508
2508 -> 2506
2509 -> 552
251 -> 252,440
2510 -> 2509
2511 -> 2510
2512 -> 2514
2513 -> 2493
2514 -> 2513
2515 -> 2516
2516 -> 2517
2517 -> 1226
2518 -> 1581
2519 -> 2520
252 -> 488,75
2520 -> 2518
2521 -> 2522
2522 -> 1679
2523 -> 2521
2524 -> 2526
2525 -> 2524
2526 -> 656
2527 -> 2248
2528 -> 2527
2529 -> 2528
253 -> 1297,255,906
2530 -> 74
2531 -> 2532
2532 -> 2530
2533 -> 2534
2534 -> 14
2535 -> 2533
2536 -> 997
2537 -> 2538
2538 -> 2536
2539 -> 2540,2699
254 -> 1644,253
2540 -> 1745
2541 -> 2539
2542 -> 2544,2843
2543 -> 425
2544 -> 2543
2545 -> 296
2546 -> 2545
2547 -> 2546
2548 -> 2550
2549 -> 547
255 -> 32
2550 -> 2549
2551 -> 2553
2552 -> 2551,2801
2553 -> 1539
2554 -> 1368
2555 -> 2554
2556 -> 2555
2557 -> 2559
2558 -> 1021
2559 -> 2558
256 -> 257
2560 -> 2562
2561 -> 1793
2562 -> 2561
2563 -> 2564
2564 -> 2565
2565 -> 2419
2566 -> 2567
2567 -> 672
2568 -> 2566
2569 -> 2571
257 -> 109,347
2570 -> 4
2571 -> 2570
2572 -> 2573
2573 -> 340
2574 -> 2572
2575 -> 2577
2576 -> 2575
2577 -> 317
2578 -> 2579
2579 -> 1030
258 -> 256
2580 -> 2578,2977
2581 -> 2583
2582 -> 1254
2583 -> 2582
2584 -> 2585
2585 -> 2586
2586 -> 1593
2587 -> 1894
2588 -> 2587
2589 -> 2588
259 -> 261
2590 -> 2592
2591 -> 2590
2592 -> 2264
2593 -> 2594
2594 -> 2595
2595 -> 1279
2596 -> 2597
2597 -> 2598
2598 -> 1158
2599 -> 1079
26 -> 1137,14,1989,672,780
260 -> 19,339
2600 -> 2601
2601 -> 2599
2602 -> 2603
2603 -> 2604
2604 -> 79
2605 -> 2606
2606 -> 1372
2607 -> 2605
2608 -> 2610
2609 -> 1825
261 -> 1256,260,480
2610 -> 2609,2841
2611 -> 165
2612 -> 2613
2613 -> 2611
2614 -> 2615
2615 -> 2616
2616 -> 1005
2617 -> 2619
2618 -> 1886
2619 -> 2618
262 -> 1195,204,2325
2620 -> 2622
2621 -> 2060
2622 -> 2621
2623 -> 1077
2624 -> 2625
2625 -> 2623
2626 -> 2628
2627 -> 2626,2907
2628 -> 2496
2629 -> 2630
263 -> 264
2630 -> 2631
2631 -> 1225
2632 -> 2633
2633 -> 1385,2782
2634 -> 2632
2635 -> 1856
2636 -> 2637
2637 -> 2635
2638 -> 2640
2639 -> 1897
264 -> 262
2640 -> 2639
2641 -> 2643
2642 -> 1682
2643 -> 2642
2644 -> 2646
2645 -> 2644
2646 -> 3
2647 -> 1518
2648 -> 2647
2649 -> 2648
265 -> 266,622
2650 -> 2652
2651 -> 2342
2652 -> 2651
2653 -> 2655
2654 -> 2653
2655 -> 492
2656 -> 1257
2657 -> 2658
2658 -> 2656
2659 -> 1461
266 -> 267,523
2660 -> 2659
2661 -> 2660,2665
2662 -> 2663
2663 -> 2460
2664 -> 2662,2708
2665 -> 2667
2666 -> 2661
2667 -> 2666
2668 -> 2670
2669 -> 1297
267 -> 223
2670 -> 2669
2671 -> 2673
2672 -> 169
2673 -> 2672
2674 -> 2264
2675 -> 2676
2676 -> 2674
2677 -> 2678
2678 -> 2679
2679 -> 716
268 -> 102
2680 -> 2682
2681 -> 2680
2682 -> 1500
2683 -> 2685
2684 -> 2683
2685 -> 2743,280
2686 -> 2687
2687 -> 2688
2688 -> 846
2689 -> 2690
269 -> 270,398
2690 -> 2215
2691 -> 2689
2692 -> 2693
2693 -> 2694
2694 -> 620
2695 -> 2696
2696 -> 2697
2697 -> 2406,2849
2698 -> 2700
2699 -> 2698
27 -> 1461,234,25,323,67
270 -> 268
2700 -> 2539,2915
2701 -> 2703
2702 -> 1061
2703 -> 2702
2704 -> 2705
2705 -> 2706
2706 -> 634
2707 -> 2664
2708 -> 2709
2709 -> 2707
271 -> 273,282,686
2710 -> 1383
2711 -> 2710
2712 -> 2711
2713 -> 134
2714 -> 2713
2715 -> 2714
2716 -> 2717
2717 -> 171
2718 -> 2716
2719 -> 1445
272 -> 1651,271,547
2720 -> 2721
2721 -> 2719
2722 -> 2724
2723 -> 1958
2724 -> 2723
2725 -> 2726
2726 -> 1487
2727 -> 2725
2728 -> 2729
2729 -> 2730
273 -> 144,431,666
2730 -> 1904
2731 -> 2732
2732 -> 2733
2733 -> 1699
2734 -> 2736
2735 -> 603
2736 -> 2735
2737 -> 2738
2738 -> 753
2739 -> 2737
274 -> 177,402
2740 -> 2742
2741 -> 632
2742 -> 2741
2743 -> 2745
2744 -> 2685
2745 -> 2744
2746 -> 2748
2747 -> 549
2748 -> 2747
2749 -> 2751
275 -> 276
2750 -> 2749
2751 -> 461
2752 -> 2754
2753 -> 1010
2754 -> 2753
2755 -> 601
2756 -> 2757
2757 -> 2755
2758 -> 2029
2759 -> 2758,2837
276 -> 274
2760 -> 2759
2761 -> 2763
2762 -> 2761
2763 -> 1326
2764 -> 2765
2765 -> 2766
2766 -> 1671
2767 -> 2769
2768 -> 531
2769 -> 2768
277 -> 95
2770 -> 2771
2771 -> 1758
2772 -> 2770
2773 -> 2775
2774 -> 2773
2775 -> 1046
2776 -> 2777
2777 -> 62
2778 -> 2776
2779 -> 1188
278 -> 2426,2460,277,609
2780 -> 2779
2781 -> 2780
2782 -> 2784
2783 -> 2633
2784 -> 2783
2785 -> 2787
2786 -> 1373
2787 -> 2786
2788 -> 2790
2789 -> 1023
279 -> 278
2790 -> 2789
2791 -> 2792
2792 -> 2793
2793 -> 1251
2794 -> 2796
2795 -> 610
2796 -> 2795
2797 -> 2799
2798 -> 649
2799 -> 2798
28 -> 1507,23,310,91
280 -> 2684,271,495,863
2800 -> 2552
2801 -> 2802
2802 -> 2800
2803 -> 2805
2804 -> 2803
2805 -> 1576
2806 -> 2808
2807 -> 2989,679
2808 -> 2807
2809 -> 609
281 -> 280,362
2810 -> 2811
2811 -> 2809
2812 -> 2814
2813 -> 138
2814 -> 2813
2815 -> 2816
2816 -> 1538
2817 -> 2815
2818 -> 2819
2819 -> 1478
282 -> 281,394
2820 -> 2818
2821 -> 2822
2822 -> 962
2823 -> 2821
2824 -> 2825,2899
2825 -> 2826
2826 -> 1066
2827 -> 2828
2828 -> 2088
2829 -> 2827
283 -> 158,498
2830 -> 1452
2831 -> 2832
2832 -> 2830
2833 -> 1084
2834 -> 2833
2835 -> 2834
2836 -> 2759
2837 -> 2838
2838 -> 2836
2839 -> 2840
284 -> 285
2840 -> 2610
2841 -> 2839
2842 -> 2844
2843 -> 2842
2844 -> 2542
2845 -> 1421
2846 -> 2845
2847 -> 2846
2848 -> 2850
2849 -> 2848
285 -> 283
2850 -> 2697
2851 -> 767
2852 -> 2851
2853 -> 2852
2854 -> 2855
2855 -> 887
2856 -> 2854
2857 -> 947
2858 -> 2857
2859 -> 2858
286 -> 287
2860 -> 1845
2861 -> 2862
2862 -> 2860
2863 -> 2865
2864 -> 2863
2865 -> 2268
2866 -> 2112
2867 -> 2868
2868 -> 2866
2869 -> 2870
287 -> 152,1661
2870 -> 2871
2871 -> 2402
2872 -> 2874
2873 -> 2201
2874 -> 2873
2875 -> 2876
2876 -> 397
2877 -> 2875
2878 -> 2880
2879 -> 2878
288 -> 1112,286
2880 -> 1425
2881 -> 1676,2886
2882 -> 2881
2883 -> 2882
2884 -> 2881
2885 -> 2884
2886 -> 2885
2887 -> 2888
2888 -> 2889
2889 -> 1459
289 -> 1376,290
2890 -> 2891
2891 -> 2892
2892 -> 1368
2893 -> 2035
2894 -> 2895
2895 -> 2893
2896 -> 2897
2897 -> 1522
2898 -> 2896
2899 -> 2900
29 -> 28
290 -> 649,90
2900 -> 2901
2901 -> 2824
2902 -> 2903
2903 -> 2904
2904 -> 2335
2905 -> 2906
2906 -> 2627
2907 -> 2905
2908 -> 1894
2909 -> 2908
291 -> 1525,2140,289
2910 -> 2909
2911 -> 13
2912 -> 2911
2913 -> 2912
2914 -> 2916
2915 -> 2914
2916 -> 2700
2917 -> 2919
2918 -> 2299
2919 -> 2918
292 -> 24
2920 -> 1146
2921 -> 2922
2922 -> 2920
2923 -> 2924
2924 -> 1147
2925 -> 2923
2926 -> 2927
2927 -> 2928
2928 -> 921
2929 -> 1991
293 -> 294
2930 -> 2931
2931 -> 2929
2932 -> 2934
2933 -> 2932
2934 -> 1974
2935 -> 2936
2936 -> 2937
2937 -> 816
2938 -> 2939
2939 -> 2940
294 -> 292
2940 -> 35
2941 -> 2942
2942 -> 420
2943 -> 2941
2944 -> 2946
2945 -> 2208
2946 -> 2945
2947 -> 2949
2948 -> 2947
2949 -> 787
295 -> 2092,296,470
2950 -> 2471
2951 -> 2952
2952 -> 2950
2953 -> 2954
2954 -> 2955
2955 -> 800
2956 -> 2475
2957 -> 2956
2958 -> 2957
2959 -> 2961
296 -> 2547,297,566,630
2960 -> 2959
2961 -> 960
2962 -> 1130
2963 -> 2964
2964 -> 2962
2965 -> 1096
2966 -> 2967
2967 -> 2965
2968 -> 1220
2969 -> 2968
297 -> 1357,152,1549,438
2970 -> 2969
2971 -> 2972
2972 -> 2973
2973 -> 1997
2974 -> 2976
2975 -> 1041
2976 -> 2975
2977 -> 2978
2978 -> 2979
2979 -> 2580
298 -> 148
2980 -> 2982
2981 -> 1175
2982 -> 2981
2983 -> 2985
2984 -> 2983
2985 -> 489
2986 -> 2435
2987 -> 2988
2988 -> 2986
2989 -> 2991
299 -> 300,554
2990 -> 2807
2991 -> 2990
2992 -> 1903
2993 -> 2992
2994 -> 2993
2995 -> 2996
2996 -> 2997
2997 -> 2316
2998 -> 1572
2999 -> 2998
3 -> 0,2645,5
30 -> 1718,29,315,70
300 -> 1882,2368,298,873
3000 -> 2999
301 -> 302
302 -> 1538,303
303 -> 249
304 -> 305,334
305 -> 306
306 -> 1089,219,728
307 -> 45
308 -> 2138,307
309 -> 308
31 -> 32,913,944
310 -> 312,539
311 -> 28
312 -> 311
313 -> 1980,30,477,502
314 -> 313
315 -> 314
316 -> 317
317 -> 2576,62
318 -> 316
319 -> 210,433
32 -> 254,33,37,90
320 -> 1865,321,824
321 -> 2078,319,378,662
322 -> 27,424
323 -> 324
324 -> 322,892
325 -> 326,620
326 -> 12
327 -> 325
328 -> 330
329 -> 1274,128,466
33 -> 10,861
330 -> 329
331 -> 332,984
332 -> 1155,333
333 -> 2438,59
334 -> 1827,336
335 -> 304,739
336 -> 1026,335,491,935
337 -> 260,618
338 -> 337
339 -> 338
34 -> 18,499
340 -> 2574,342
341 -> 340
342 -> 74
343 -> 345
344 -> 1395,343
345 -> 0
346 -> 257
347 -> 348
348 -> 346
349 -> 350,889
35 -> 1477,185,2938,34
350 -> 99
351 -> 349
352 -> 354,869
353 -> 240
354 -> 353
355 -> 357
356 -> 355
357 -> 76
358 -> 85
359 -> 360
36 -> 35
360 -> 358
361 -> 1107,1585,281
362 -> 363
363 -> 361
364 -> 366
365 -> 23
366 -> 365,381
367 -> 194,759
368 -> 369
369 -> 2465,367
37 -> 39,62
370 -> 371,773
371 -> 9
372 -> 370
373 -> 166,509,589
374 -> 375
375 -> 373,512
376 -> 2451,321
377 -> 1878,376
378 -> 377
379 -> 366,420
38 -> 140,32
380 -> 379
381 -> 380
382 -> 79
383 -> 382
384 -> 1332,383
385 -> 386
386 -> 64
387 -> 385
388 -> 389
389 -> 73
39 -> 38
390 -> 388
391 -> 392
392 -> 1328,393,519
393 -> 14
394 -> 396
395 -> 1150,282,575
396 -> 395,602
397 -> 2877,399,674
398 -> 397,645,694,742
399 -> 1202,269
4 -> 2569,3
40 -> 192,41
400 -> 401,472
401 -> 274
402 -> 400
403 -> 404,715
404 -> 136
405 -> 403
406 -> 1194,407
407 -> 2488,408
408 -> 1810,9
409 -> 203
41 -> 22
410 -> 1169,2284,411,612
411 -> 1710,409
412 -> 189
413 -> 414
414 -> 412,711
415 -> 417
416 -> 67
417 -> 416
418 -> 379
419 -> 418
42 -> 166,40,613
420 -> 1757,2943,419,931
421 -> 422
422 -> 423,532
423 -> 185
424 -> 426
425 -> 2542,322
426 -> 1126,425,452
427 -> 2327,429
428 -> 427
429 -> 111
43 -> 1013,25
430 -> 273
431 -> 432,657
432 -> 1612,430,559
433 -> 1657,434
434 -> 1009,435,594,632
435 -> 319
436 -> 437,527
437 -> 2154,297
438 -> 436,830
439 -> 1236,441
44 -> 43,64
440 -> 439
441 -> 251
442 -> 2009,443
443 -> 444
444 -> 1483,158
445 -> 112
446 -> 447
447 -> 1774,2192,445
448 -> 186
449 -> 448
45 -> 161,309,44
450 -> 449,965
451 -> 2005,453,793
452 -> 1355,2194,451
453 -> 426
454 -> 455
455 -> 122
456 -> 454
457 -> 207
458 -> 2043,459
459 -> 1096,2398,457
46 -> 10,667
460 -> 462
461 -> 137,2750,747
462 -> 461
463 -> 146
464 -> 1000,465
465 -> 463
466 -> 467
467 -> 468
468 -> 329
469 -> 2470,471
47 -> 46,52,707,770
470 -> 469
471 -> 295
472 -> 474
473 -> 400
474 -> 473
475 -> 1065,313
476 -> 475
477 -> 476,606
478 -> 479
479 -> 261
48 -> 217,47
480 -> 478
481 -> 482
482 -> 151
483 -> 1625,481
484 -> 1913,485
485 -> 730,753,93
486 -> 484
487 -> 489
488 -> 487
489 -> 252,2984,681
49 -> 51
490 -> 1495,492
491 -> 490,784
492 -> 2654,336
493 -> 494,712
494 -> 280
495 -> 493
496 -> 283
497 -> 496
498 -> 497
499 -> 501
5 -> 206,6,75
50 -> 130,1521,183,239,49,563
500 -> 34
501 -> 1611,500
502 -> 503
503 -> 504
504 -> 313
505 -> 1678,506
506 -> 185
507 -> 505
508 -> 510,578
509 -> 508,704
51 -> 123,23
510 -> 373
511 -> 1129,1575,1640,375
512 -> 513
513 -> 511,912
514 -> 92
515 -> 516,536
516 -> 1368,514
517 -> 392
518 -> 517,926
519 -> 518
52 -> 1291,54
520 -> 522
521 -> 59
522 -> 521
523 -> 524
524 -> 1148,525,866
525 -> 1414,266,691
526 -> 436,544
527 -> 1116,1676,528
528 -> 526
529 -> 531
53 -> 47
530 -> 0,2261,958
531 -> 2346,2767,530
532 -> 1647,534
533 -> 422
534 -> 533
535 -> 537
536 -> 535
537 -> 515
538 -> 1350,310
539 -> 1411,540
54 -> 53,596
540 -> 538
541 -> 542
542 -> 1655,543
543 -> 123
544 -> 545
545 -> 546
546 -> 1522,526
547 -> 1171,2548,549
548 -> 1946,272,952
549 -> 2746,548
55 -> 56,60
550 -> 1463,552
551 -> 550
552 -> 1209,191,2511,598
553 -> 2266,299
554 -> 1248,555
555 -> 1694,553
556 -> 558
557 -> 1021,145
558 -> 2103,557
559 -> 561
56 -> 100,57,678
560 -> 432
561 -> 560,588
562 -> 1050,50
563 -> 564
564 -> 562
565 -> 2051,567
566 -> 565
567 -> 1714,296
568 -> 570
569 -> 568
57 -> 1548,1664,20
570 -> 122
571 -> 84
572 -> 573
573 -> 1145,571
574 -> 576
575 -> 574
576 -> 1926,395,790
577 -> 2162,579
578 -> 577
579 -> 508
58 -> 55
580 -> 581
581 -> 1498,59
582 -> 580
583 -> 147
584 -> 585
585 -> 583
586 -> 1092,587
587 -> 1057,561
588 -> 586
589 -> 1849,590
59 -> 108,331,520,58,582
590 -> 1110,1157,591
591 -> 373
592 -> 434
593 -> 592
594 -> 593
595 -> 1286,597
596 -> 595
597 -> 54
598 -> 600
599 -> 552,941
6 -> 105,4,652
60 -> 1016,59
600 -> 599
601 -> 2756,603
602 -> 601
603 -> 2734,396
604 -> 477
605 -> 604
606 -> 605
607 -> 1071,1916,278
608 -> 607
609 -> 2810,608
61 -> 37
610 -> 2794,611
611 -> 410
612 -> 610
613 -> 614,990
614 -> 615
615 -> 42
616 -> 337
617 -> 616
618 -> 617
619 -> 325
62 -> 214,2778,318,63
620 -> 2504,2692,621
621 -> 619
622 -> 624
623 -> 265,735
624 -> 623
625 -> 626
626 -> 627
627 -> 174,2307
628 -> 296
629 -> 628
63 -> 203,61
630 -> 1476,629
631 -> 434
632 -> 1784,2740,633
633 -> 631,884
634 -> 1799,2248,2704,636
635 -> 1923,219
636 -> 635
637 -> 638,724
638 -> 167
639 -> 1142,637
64 -> 1506,387,66
640 -> 2
641 -> 1901,640
642 -> 641
643 -> 2231,644
644 -> 2104,398
645 -> 643
646 -> 647
647 -> 226
648 -> 2143,646
649 -> 1140,2797,651
65 -> 176,44
650 -> 290
651 -> 650
652 -> 654
653 -> 2044,6
654 -> 653
655 -> 431
656 -> 2525,655
657 -> 1649,656
658 -> 1969,659
659 -> 148
66 -> 65
660 -> 658
661 -> 321
662 -> 1004,663,787
663 -> 661
664 -> 1037,665
665 -> 1672,273
666 -> 664
667 -> 1857,669
668 -> 2015,46
669 -> 668
67 -> 415,69
670 -> 671
671 -> 26
672 -> 2568,670
673 -> 1982,675
674 -> 1789,673
675 -> 397
676 -> 677
677 -> 2422,56
678 -> 676
679 -> 2806,489
68 -> 27,807
680 -> 1840,679
681 -> 680
682 -> 684
683 -> 682
684 -> 202,2220,840
685 -> 271,698
686 -> 687
687 -> 685,986
688 -> 2071,689
689 -> 91
69 -> 68
690 -> 1122,688
691 -> 692
692 -> 1371,1759,693
693 -> 1899,525
694 -> 695
695 -> 696,916
696 -> 398
697 -> 699
698 -> 697,947
699 -> 685
7 -> 9
70 -> 110,1243,71
700 -> 1374,702
701 -> 97
702 -> 701
703 -> 509
704 -> 705
705 -> 703
706 -> 47
707 -> 708
708 -> 706
709 -> 710
71 -> 209,72,79,86
710 -> 414,756,996
711 -> 709
712 -> 714
713 -> 493
714 -> 1688,713
715 -> 717
716 -> 2677,403
717 -> 716
718 -> 720
719 -> 2373,9
72 -> 159,30
720 -> 719
721 -> 723
722 -> 1034,721
723 -> 111,2004
724 -> 726
725 -> 1221,2486,637
726 -> 725
727 -> 729
728 -> 1018,727
729 -> 306
73 -> 390,5
730 -> 732
731 -> 485
732 -> 1501,731
733 -> 623
734 -> 733
735 -> 734
736 -> 2048,738
737 -> 103
738 -> 2038,737
739 -> 741,817
74 -> 2531,341,73
740 -> 1295,335
741 -> 1491,740,749
742 -> 1893,2113,744
743 -> 398,920
744 -> 743,796,800
745 -> 1868,461
746 -> 1044,745
747 -> 746
748 -> 741,977
749 -> 750
75 -> 1911,250,74
750 -> 748,971
751 -> 1723,752
752 -> 485
753 -> 2739,751
754 -> 755
755 -> 1458,1741,710,879
756 -> 754
757 -> 1067,367
758 -> 757
759 -> 1007,758
76 -> 356,77
760 -> 762
761 -> 760,881
762 -> 228
763 -> 1796,764
764 -> 87,957
765 -> 1198,1954,763
766 -> 1440,768
767 -> 2853,766
768 -> 153
769 -> 771
77 -> 18,83
770 -> 2209,769
771 -> 47
772 -> 774
773 -> 772
774 -> 370
775 -> 776
776 -> 172
777 -> 775,895
778 -> 1605,26,814
779 -> 778
78 -> 76
780 -> 779
781 -> 782
782 -> 1053,9
783 -> 781
784 -> 786
785 -> 491
786 -> 785
787 -> 2948,788
788 -> 789
789 -> 662
79 -> 2602,384,81
790 -> 791
791 -> 792
792 -> 576,855
793 -> 794
794 -> 795
795 -> 1303,451
796 -> 2243,797
797 -> 798
798 -> 744
799 -> 801
8 -> 1730,7
80 -> 228,71
800 -> 2502,2953,799
801 -> 1185,744,886
802 -> 127
803 -> 804
804 -> 1226,802
805 -> 68
806 -> 805
807 -> 806
808 -> 810
809 -> 808
81 -> 1465,80
810 -> 220
811 -> 2100,94
812 -> 813
813 -> 811
814 -> 815,858
815 -> 816
816 -> 2935,778
817 -> 819
818 -> 1592,1960,739
819 -> 818
82 -> 84
820 -> 822
821 -> 1326,151,1823
822 -> 821
823 -> 2409,320
824 -> 2272,825
825 -> 1595,823
826 -> 827
827 -> 1517,828
828 -> 224,848,991
829 -> 831
83 -> 1809,2054,82
830 -> 829
831 -> 438
832 -> 214
833 -> 832
834 -> 833
835 -> 837
836 -> 86
837 -> 836
838 -> 684
839 -> 838
84 -> 1081,572,77
840 -> 839
841 -> 843
842 -> 167
843 -> 1289,1403,842
844 -> 1,852,923
845 -> 846
846 -> 2686,844
847 -> 828
848 -> 1482,849
849 -> 847
85 -> 128,359,87
850 -> 844
851 -> 850
852 -> 851
853 -> 792
854 -> 853,901
855 -> 854
856 -> 857
857 -> 814
858 -> 856
859 -> 33
86 -> 174,835,85,928
860 -> 859
861 -> 1532,1990,860
862 -> 864,981
863 -> 2181,862
864 -> 1886,280
865 -> 867,975
866 -> 865
867 -> 524
868 -> 870
869 -> 1306,868
87 -> 134,1769,1792,71,765
870 -> 352
871 -> 1311,872
872 -> 300
873 -> 871,908
874 -> 875
875 -> 199
876 -> 874
877 -> 755
878 -> 877
879 -> 878
88 -> 32
880 -> 1313,761
881 -> 882
882 -> 880
883 -> 633
884 -> 885
885 -> 2173,883
886 -> 887
887 -> 1271,2856,888
888 -> 801
889 -> 891
89 -> 114,116,88
890 -> 349
891 -> 890
892 -> 1618,2330,893
893 -> 894
894 -> 324
895 -> 897
896 -> 777
897 -> 896
898 -> 155
899 -> 2239,898
9 -> 2,372,406,718,783
90 -> 291,89
900 -> 899
901 -> 903
902 -> 854
903 -> 902
904 -> 905
905 -> 1252,253
906 -> 904
907 -> 873
908 -> 909
909 -> 907
91 -> 690,92
910 -> 1698,911
911 -> 2018,513
912 -> 910
913 -> 914
914 -> 915
915 -> 31,950
916 -> 918
917 -> 695
918 -> 917
919 -> 921
92 -> 1380,230,515,93
920 -> 919
921 -> 2926,743
922 -> 924
923 -> 922
924 -> 844
925 -> 518
926 -> 927
927 -> 925
928 -> 929
929 -> 2358,930
93 -> 28,486
930 -> 86
931 -> 932
932 -> 1365,2056,933
933 -> 420
934 -> 1267,336
935 -> 936
936 -> 934
937 -> 938
938 -> 939
939 -> 1513,242
94 -> 164,812,95
940 -> 942
941 -> 940
942 -> 599
943 -> 31
944 -> 945
945 -> 943
946 -> 698
947 -> 2859,948
948 -> 946
949 -> 951
95 -> 0,126,279
950 -> 1385,949
951 -> 915
952 -> 953
953 -> 1133,954
954 -> 548
955 -> 956
956 -> 764
957 -> 955
958 -> 960
959 -> 530
96 -> 94
960 -> 2960,959
961 -> 963
962 -> 2823,961
963 -> 1205,224
964 -> 450
965 -> 966
966 -> 964
967 -> 179
968 -> 967
969 -> 968
97 -> 700,99
970 -> 1381,750
971 -> 1056,1712,972
972 -> 970
973 -> 974
974 -> 2076,865
975 -> 973
976 -> 978
977 -> 976
978 -> 748
979 -> 862
98 -> 147,19
980 -> 979
981 -> 1029,980
982 -> 983
983 -> 331
984 -> 982
985 -> 987
986 -> 985
987 -> 1212,687
988 -> 989
989 -> 613
99 -> 351,98
990 -> 988
991 -> 992
992 -> 993
993 -> 828
994 -> 995
995 -> 710
996 -> 994
997 -> 146,2537
998 -> 997
999 -> 998
